26.8654 179.2965
26.8654 179.2965
26.8654 179.2965
26.8654 179.2965
26.8654 179.2965
26.8654 179.2965
26.8654 179.2965
26.8654 179.2965
26.8654 179.2965
26.8654 179.2965
26.8654 179.2965
26.8654 179.2965
26.8654 179.2965
26.8654 179.2965
26.8654 179.2965
26.8654 179.2965
26.8654 179.2965
26.8654 179.2965
26.8654 179.2965
26.8654 179.2965
26.8654 179.2965
26.8654 179.2965
26.8654 179.2965
26.8654 179.2965
26.8654 179.2965
26.8654 179.2965
26.8654 179.2965
26.8654 179.2965
26.8654 179.2965
26.8654 179.2965
26.8654 179.2965
26.8654 179.2965
26.8654 179.2965
26.8654 179.2965
26.8654 179.2965
26.8654 179.2965
26.8654 179.2965
26.8654 179.2965
26.8654 179.2965
26.8654 179.2965
26.8654 179.2965
26.8654 179.2965
26.8654 179.2965
26.8654 179.2965
26.8654 179.2965
26.8654 179.2965
26.8654 179.2965
26.8654 179.2965
26.8654 179.2965
26.8654 179.2965
26.8654 179.2965
26.8654 179.2965
26.8654 179.2965
26.8654 179.2965
26.8654 179.2965
26.8654 179.2965
26.8654 179.2965
26.8654 179.2965
26.8654 179.2965
26.8654 179.2965
26.8654 179.2965
26.8654 179.2965
26.8654 179.2965
26.8654 179.2965
26.8654 179.2965
26.8654 179.2965
26.8654 179.2965
26.8654 179.2965
26.8654 179.2965
26.8654 179.2965
26.8654 179.2965
26.8654 179.2965
26.8654 179.2965
26.8654 179.2965
26.8654 179.2965
26.8654 179.2965
26.8654 179.2965
26.8654 179.2965
26.8654 179.2965
26.8654 179.2965
26.8654 179.2965
26.8654 179.2965
26.8654 179.2965
26.8654 179.2965
26.8654 179.2965
26.8654 179.2965
26.8654 179.2965
26.8654 179.2965
26.8654 179.2965
26.8654 179.2965
26.8654 179.2965
26.8654 179.2965
26.8654 179.2965
26.8654 179.2965
26.8654 179.2965
26.8654 179.2965
26.8654 179.2965
26.8654 179.2965
26.8654 179.2965
26.8654 179.2965
26.8654 179.2965
26.8654 179.2965
26.8654 179.2965
26.8654 179.2965
26.8654 179.2965
26.8654 179.2965
26.8654 179.2965
26.8654 179.2965
26.8654 179.2965
26.8654 179.2965
26.8654 179.2965
26.8654 179.2965
26.8654 179.2965
26.8654 179.2965
26.8654 179.2965
26.8654 179.2965
26.8654 179.2965
26.8654 179.2965
26.8654 179.2965
26.8654 179.2965
26.8654 179.2965
26.8654 179.2965
26.8654 179.2965
26.8654 179.2965
26.8654 179.2965
26.8654 179.2965
26.8654 179.2965
26.8654 179.2965
26.8654 179.2965
26.8654 179.2965
26.8654 179.2965
26.8654 179.2965
26.8654 179.2965
26.8654 179.2965
26.8654 179.2965
26.8654 179.2965
26.8654 179.2965
26.8654 179.2965
26.8654 179.2965
26.8654 179.2965
26.8654 179.2965
26.8654 179.2965
26.8654 179.2965
26.8654 179.2965
26.8654 179.2965
26.8654 179.2965
26.8654 179.2965
26.8654 179.2965
26.8654 179.2965
26.8654 179.2965
26.8654 179.2965
26.8654 179.2965
26.8654 179.2965
26.8654 179.2965
26.8654 179.2965
26.8654 179.2965
26.8654 179.2965
26.8654 179.2965
26.8654 179.2965
26.8654 179.2965
26.8654 179.2965
26.8654 179.2965
26.8654 179.2965
26.8654 179.2965
26.8654 179.2965
26.8654 179.2965
26.8654 179.2965
26.8654 179.2965
26.8654 179.2965
26.8654 179.2965
26.8654 179.2965
26.8654 179.2965
26.8654 179.2965
26.8654 179.2965
26.8654 179.2965
26.8654 179.2965
26.8654 179.2965
26.8654 179.2965
26.8654 179.2965
26.8654 179.2965
26.8654 179.2965
26.8654 179.2965
26.8654 179.2965
26.8654 179.2965
26.8654 179.2965
26.8654 179.2965
26.8654 179.2965
26.8654 179.2965
26.8654 179.2965
26.8654 179.2965
26.8654 179.2965
26.8654 179.2965
26.8654 179.2965
26.8654 179.2965
26.8654 179.2965
26.8654 179.2965
26.8654 179.2965
26.8654 179.2965
26.8654 179.2965
26.8654 179.2965
26.8654 179.2965
26.8654 179.2965
26.8654 179.2965
26.8654 179.2965
26.8654 179.2965
26.8654 179.2965
26.8654 179.2965
26.8654 179.2965
26.8654 179.2965
26.8654 179.2965
-133.8812 227.1496
-133.8812 227.1496
-133.8812 227.1496
-133.8812 227.1496
-133.8812 227.1496
-133.8812 227.1496
-133.8812 227.1496
-133.8812 227.1496
-133.8812 227.1496
-133.8812 227.1496
-133.8812 227.1496
-133.8812 227.1496
-133.8812 227.1496
-133.8812 227.1496
-133.8812 227.1496
-133.8812 227.1496
-133.8812 227.1496
-133.8812 227.1496
-133.8812 227.1496
-133.8812 227.1496
-172.7865 232.9562
-172.7865 232.9562
-172.7865 232.9562
-172.7865 232.9562
-172.7865 232.9562
-172.7865 232.9562
-172.7865 232.9562
-172.7865 232.9562
-172.7865 232.9562
-172.7865 232.9562
-172.7865 232.9562
-172.7865 232.9562
-191.7958 235.7933
-191.7958 235.7933
-191.7958 235.7933
-191.7958 235.7933
-191.7958 235.7933
-191.7958 235.7933
-191.7958 235.7933
-191.7958 235.7933
-191.7958 235.7933
-191.7958 235.7933
-191.7958 235.7933
-191.7958 235.7933
-191.7958 235.7933
-134.0770 216.5544
-134.0770 216.5544
-134.0770 216.5544
-134.0770 216.5544
-134.0770 216.5544
-134.0770 216.5544
-134.0770 216.5544
26.7440 169.8848
26.7440 169.8848
26.7440 169.8848
26.7440 169.8848
26.7440 169.8848
226.7576 116.6111
226.7576 116.6111
226.7576 116.6111
226.7576 116.6111
226.7576 116.6111
226.7576 116.6111
226.7576 116.6111
510.1837 44.2440
510.1837 44.2440
510.1837 44.2440
510.1837 44.2440
510.1837 44.2440
708.7270 -5.0274
708.7270 -5.0274
708.7270 -5.0274
708.7270 -5.0274
708.7270 -5.0274
708.7270 -5.0274
708.7270 -5.0274
708.7270 -5.0274
662.4597 8.7927
662.4597 8.7927
662.4597 8.7927
662.4597 8.7927
662.4597 8.7927
662.4597 8.7927
662.4597 8.7927
662.4597 8.7927
662.4597 8.7927
662.4597 8.7927
662.4597 8.7927
662.4597 8.7927
662.4597 8.7927
662.4597 8.7927
662.4597 8.7927
662.4597 8.7927
662.4597 8.7927
479.3280 60.7353
479.3280 60.7353
479.3280 60.7353
479.3280 60.7353
479.3280 60.7353
479.3280 60.7353
479.3280 60.7353
479.3280 60.7353
361.8192 85.3147
361.8192 85.3147
361.8192 85.3147
361.8192 85.3147
361.8192 85.3147
361.8192 85.3147
226.7455 114.5834
226.7455 114.5834
226.7455 114.5834
226.7455 114.5834
226.7455 114.5834
226.7455 114.5834
226.7455 114.5834
226.7455 114.5834
-9.8935 184.4874
-9.8935 184.4874
-9.8935 184.4874
-9.8935 184.4874
-222.8933 238.1570
-222.8933 238.1570
-222.8933 238.1570
-222.8933 238.1570
-222.8933 238.1570
-222.8933 238.1570
-222.8933 238.1570
-153.3161 238.8297
-153.3161 238.8297
-153.3161 238.8297
-153.3161 238.8297
-153.3161 238.8297
-153.3161 238.8297
-153.3161 238.8297
-153.3161 238.8297
-153.3161 238.8297
-153.3161 238.8297
-153.3161 238.8297
-153.3161 238.8297
