-214.8781 -267.4214
-214.8781 -267.4214
-214.8781 -267.4214
-214.8781 -267.4214
-214.8781 -267.4214
-214.8781 -267.4214
-214.8781 -267.4214
-214.8781 -267.4214
-214.8781 -267.4214
-214.8781 -267.4214
-214.8781 -267.4214
-214.8781 -267.4214
-214.8781 -267.4214
-214.8781 -267.4214
-214.8781 -267.4214
-214.8781 -267.4214
-214.8781 -267.4214
-214.8781 -267.4214
-214.8781 -267.4214
-214.8781 -267.4214
-214.8781 -267.4214
-214.8781 -267.4214
-214.8781 -267.4214
-214.8781 -267.4214
-214.8781 -267.4214
-214.8781 -267.4214
-214.8781 -267.4214
-214.8781 -267.4214
-214.8781 -267.4214
-214.8781 -267.4214
-214.8781 -267.4214
-214.8781 -267.4214
-214.8781 -267.4214
-214.8781 -267.4214
-214.8781 -267.4214
-214.8781 -267.4214
-214.8781 -267.4214
-214.8781 -267.4214
-214.8781 -267.4214
-214.8781 -267.4214
-214.8781 -267.4214
-214.8781 -267.4214
-214.8781 -267.4214
-214.8781 -267.4214
-214.8781 -267.4214
-214.8781 -267.4214
-214.8781 -267.4214
-214.8781 -267.4214
-214.8781 -267.4214
-214.8781 -267.4214
-214.8781 -267.4214
-214.8781 -267.4214
-214.8781 -267.4214
-214.8781 -267.4214
-214.8781 -267.4214
-214.8781 -267.4214
-214.8781 -267.4214
-214.8781 -267.4214
-214.8781 -267.4214
-214.8781 -267.4214
-214.8781 -267.4214
-214.8781 -267.4214
-214.8781 -267.4214
-214.8781 -267.4214
-214.8781 -267.4214
-214.8781 -267.4214
-214.8781 -267.4214
-214.8781 -267.4214
-214.8781 -267.4214
-214.8781 -267.4214
-214.8781 -267.4214
-214.8781 -267.4214
-214.8781 -267.4214
-214.8781 -267.4214
-214.8781 -267.4214
-214.8781 -267.4214
-214.8781 -267.4214
-214.8781 -267.4214
-214.8781 -267.4214
-214.8781 -267.4214
-214.8781 -267.4214
-188.1798 -216.1615
-188.1798 -216.1615
-188.1798 -216.1615
-188.1798 -216.1615
-188.1798 -216.1615
-188.1798 -216.1615
-188.1798 -216.1615
-188.1798 -216.1615
-188.1798 -216.1615
-188.1798 -216.1615
-188.1798 -216.1615
-188.1798 -216.1615
-188.1798 -216.1615
-188.1798 -216.1615
-188.1798 -216.1615
-188.1798 -216.1615
-188.1798 -216.1615
-188.1798 -216.1615
-188.1798 -216.1615
-188.1798 -216.1615
-188.1798 -216.1615
-188.1798 -216.1615
-188.1798 -216.1615
-188.1798 -216.1615
-188.1798 -216.1615
-188.1798 -216.1615
-188.1798 -216.1615
-188.1798 -216.1615
-188.1798 -216.1615
-188.1798 -216.1615
-188.1798 -216.1615
-188.1798 -216.1615
-188.1798 -216.1615
-188.1798 -216.1615
-188.1798 -216.1615
-188.1798 -216.1615
-188.1798 -216.1615
-188.1798 -216.1615
-188.1798 -216.1615
-188.1798 -216.1615
-188.1798 -216.1615
-188.1798 -216.1615
-188.1798 -216.1615
-188.1798 -216.1615
-188.1798 -216.1615
-188.1798 -216.1615
-188.1798 -216.1615
-188.1798 -216.1615
-188.1798 -216.1615
-188.1798 -216.1615
-188.1798 -216.1615
-188.1798 -216.1615
-188.1798 -216.1615
-188.1798 -216.1615
-188.1798 -216.1615
-188.1798 -216.1615
-188.1798 -216.1615
-188.1798 -216.1615
-188.1798 -216.1615
-188.1798 -216.1615
-188.1798 -216.1615
-188.1798 -216.1615
-188.1798 -216.1615
-188.1798 -216.1615
-188.1798 -216.1615
-188.1798 -216.1615
-188.1798 -216.1615
-188.1798 -216.1615
-188.1798 -216.1615
-188.1798 -216.1615
-188.1798 -216.1615
-188.1798 -216.1615
-188.1798 -216.1615
-188.1798 -216.1615
-188.1798 -216.1615
-188.1798 -216.1615
-188.1798 -216.1615
-188.1798 -216.1615
-188.1798 -216.1615
-188.1798 -216.1615
-188.1798 -216.1615
-188.1798 -216.1615
-188.1798 -216.1615
-188.1798 -216.1615
-188.1798 -216.1615
-188.1798 -216.1615
-188.1798 -216.1615
-188.1798 -216.1615
-188.1798 -216.1615
-188.1798 -216.1615
-268.5036 -166.3968
-268.5036 -166.3968
-268.5036 -166.3968
-268.5036 -166.3968
-268.5036 -166.3968
-268.5036 -166.3968
-268.5036 -166.3968
-268.5036 -166.3968
-268.5036 -166.3968
-268.5036 -166.3968
-268.5036 -166.3968
-268.5036 -166.3968
-268.5036 -166.3968
-268.5036 -166.3968
-268.5036 -166.3968
-268.5036 -166.3968
-268.5036 -166.3968
-268.5036 -166.3968
-302.7876 -102.3995
-302.7876 -102.3995
-302.7876 -102.3995
-302.7876 -102.3995
-302.7876 -102.3995
-302.7876 -102.3995
-302.7876 -102.3995
-302.7876 -102.3995
-302.7876 -102.3995
-302.7876 -102.3995
-302.7876 -102.3995
-302.7876 -102.3995
-302.7876 -102.3995
-302.7876 -102.3995
-301.4057 -44.9457
-301.4057 -44.9457
-301.4057 -44.9457
-301.4057 -44.9457
-301.4057 -44.9457
-301.4057 -44.9457
-301.4057 -44.9457
-271.4504 -31.9836
-271.4504 -31.9836
-271.4504 -31.9836
-271.4504 -31.9836
-271.4504 -31.9836
-271.4504 -31.9836
-271.4504 -31.9836
-234.5970 -17.4066
-234.5970 -17.4066
-234.5970 -17.4066
-234.5970 -17.4066
-234.5970 -17.4066
-234.5970 -17.4066
-234.5970 -17.4066
-234.5970 -17.4066
-111.8263 -36.6209
-111.8263 -36.6209
-111.8263 -36.6209
-111.8263 -36.6209
-111.8263 -36.6209
-111.8263 -36.6209
-111.8263 -36.6209
182.5616 -118.6092
182.5616 -118.6092
182.5616 -118.6092
182.5616 -118.6092
182.5616 -118.6092
182.5616 -118.6092
182.5616 -118.6092
182.5616 -118.6092
199.6028 -107.9295
199.6028 -107.9295
199.6028 -107.9295
199.6028 -107.9295
199.6028 -107.9295
199.6028 -107.9295
199.6028 -107.9295
199.6028 -107.9295
199.6028 -107.9295
278.3926 -114.9090
278.3926 -114.9090
278.3926 -114.9090
278.3926 -114.9090
278.3926 -114.9090
278.3926 -114.9090
278.3926 -114.9090
278.3926 -114.9090
278.3926 -114.9090
469.6889 -147.4812
469.6889 -147.4812
469.6889 -147.4812
469.6889 -147.4812
469.6889 -147.4812
469.6889 -147.4812
469.6889 -147.4812
469.6889 -147.4812
469.6889 -147.4812
469.6889 -147.4812
469.6889 -147.4812
469.6889 -147.4812
469.6889 -147.4812
585.8710 -183.8248
585.8710 -183.8248
585.8710 -183.8248
585.8710 -183.8248
585.8710 -183.8248
585.8710 -183.8248
585.8710 -183.8248
585.8710 -183.8248
479.7951 -110.3840
479.7951 -110.3840
479.7951 -110.3840
479.7951 -110.3840
479.7951 -110.3840
479.7951 -110.3840
479.7951 -110.3840
479.7951 -110.3840
479.7951 -110.3840
479.7951 -110.3840
479.7951 -110.3840
479.7951 -110.3840
479.7951 -110.3840
479.7951 -110.3840
479.7951 -110.3840
479.7951 -110.3840
479.7951 -110.3840
479.7951 -110.3840
342.8270 -41.5598
342.8270 -41.5598
342.8270 -41.5598
342.8270 -41.5598
342.8270 -41.5598
63.2294 51.3084
63.2294 51.3084
63.2294 51.3084
63.2294 51.3084
63.2294 51.3084
-142.4880 119.1505
-142.4880 119.1505
-142.4880 119.1505
-142.4880 119.1505
-142.4880 119.1505
-175.2438 109.0401
-175.2438 109.0401
-175.2438 109.0401
-175.2438 109.0401
-175.2438 109.0401
-175.2438 109.0401
-175.2438 109.0401
-175.2438 109.0401
-175.2438 109.0401
-175.2438 109.0401
-175.2438 109.0401
-175.2438 109.0401
-175.2438 109.0401
-175.2438 109.0401
-175.2438 109.0401
-175.2438 109.0401
-175.2438 109.0401
-175.2438 109.0401
-175.2438 109.0401
-175.2438 109.0401
-175.2438 109.0401
-175.2438 109.0401
-175.2438 109.0401
-175.2438 109.0401
-175.2438 109.0401
-175.2438 109.0401
-175.2438 109.0401
-175.2438 109.0401
-175.2438 109.0401
-175.2438 109.0401
-175.2438 109.0401
-175.2438 109.0401
-175.2438 109.0401
-175.2438 109.0401
-175.2438 109.0401
-175.2438 109.0401
-175.2438 109.0401
