313.0146 0.0000
313.0146 0.0000
313.0146 0.0000
313.0146 0.0000
313.0146 0.0000
313.0146 0.0000
313.0146 0.0000
313.0146 0.0000
313.0146 0.0000
313.0146 0.0000
313.0146 0.0000
313.0146 0.0000
313.0146 0.0000
313.0146 0.0000
313.0146 0.0000
313.0146 0.0000
313.0146 0.0000
313.0146 0.0000
313.0146 0.0000
313.0146 0.0000
313.0146 0.0000
313.0146 0.0000
313.0146 0.0000
313.0146 0.0000
313.0146 0.0000
313.0146 0.0000
313.0146 0.0000
313.0146 0.0000
313.0146 0.0000
313.0146 0.0000
313.0146 0.0000
313.0146 0.0000
313.0146 0.0000
313.0146 0.0000
313.0146 0.0000
313.0146 0.0000
313.0146 0.0000
313.0146 0.0000
313.0146 0.0000
313.0146 0.0000
313.0146 0.0000
313.0146 0.0000
313.0146 0.0000
313.0146 0.0000
313.0146 0.0000
313.0146 0.0000
313.0146 0.0000
313.0146 0.0000
313.0146 0.0000
313.0146 0.0000
313.0146 0.0000
313.0146 0.0000
313.0146 0.0000
313.0146 0.0000
313.0146 0.0000
313.0146 0.0000
313.0146 0.0000
313.0146 0.0000
313.0146 0.0000
313.0146 0.0000
313.0146 0.0000
313.0146 0.0000
313.0146 0.0000
313.0146 0.0000
313.0146 0.0000
313.0146 0.0000
313.0146 0.0000
313.0146 0.0000
313.0146 0.0000
313.0146 0.0000
313.0146 0.0000
313.0146 0.0000
313.0146 0.0000
313.0146 0.0000
313.0146 0.0000
313.0146 0.0000
313.0146 0.0000
313.0146 0.0000
313.0146 0.0000
313.0146 0.0000
313.0146 0.0000
313.0146 0.0000
313.0146 0.0000
313.0146 0.0000
313.0146 0.0000
313.0146 0.0000
313.0146 0.0000
313.0146 0.0000
313.0146 0.0000
313.0146 0.0000
313.0146 0.0000
313.0146 0.0000
313.0146 0.0000
313.0146 0.0000
313.0146 0.0000
313.0146 0.0000
313.0146 0.0000
313.0146 0.0000
313.0146 0.0000
313.0146 0.0000
313.0146 0.0000
313.0146 0.0000
313.0146 0.0000
313.0146 0.0000
313.0146 0.0000
313.0146 0.0000
313.0146 0.0000
313.0146 0.0000
313.0146 0.0000
313.0146 0.0000
313.0146 0.0000
313.0146 0.0000
313.0146 0.0000
313.0146 0.0000
313.0146 0.0000
313.0146 0.0000
313.0146 0.0000
313.0146 0.0000
313.0146 0.0000
313.0146 0.0000
313.0146 0.0000
313.0146 0.0000
313.0146 0.0000
313.0146 0.0000
313.0146 0.0000
313.0146 0.0000
313.0146 0.0000
313.0146 0.0000
313.0146 0.0000
313.0146 0.0000
313.0146 0.0000
313.0146 0.0000
313.0146 0.0000
313.0146 0.0000
313.0146 0.0000
313.0146 0.0000
313.0146 0.0000
313.0146 0.0000
313.0146 0.0000
313.0146 0.0000
313.0146 0.0000
313.0146 0.0000
313.0146 0.0000
313.0146 0.0000
313.0146 0.0000
313.0146 0.0000
313.0146 0.0000
313.0146 0.0000
313.0146 0.0000
313.0146 0.0000
313.0146 0.0000
313.0146 0.0000
313.0146 0.0000
313.0146 0.0000
313.0146 0.0000
313.0146 0.0000
313.0146 0.0000
313.0146 0.0000
313.0146 0.0000
313.0146 0.0000
313.0146 0.0000
313.0146 0.0000
313.0146 0.0000
313.0146 0.0000
313.0146 0.0000
313.0146 0.0000
313.0146 0.0000
313.0146 0.0000
313.0146 0.0000
313.0146 0.0000
313.0146 0.0000
313.0146 0.0000
313.0146 0.0000
313.0146 0.0000
313.0146 0.0000
313.0146 0.0000
313.0146 0.0000
313.0146 0.0000
313.0146 0.0000
313.0146 0.0000
313.0146 0.0000
313.0146 0.0000
313.0146 0.0000
313.0146 0.0000
313.0146 0.0000
313.0146 0.0000
313.0146 0.0000
313.0146 0.0000
313.0146 0.0000
313.0146 0.0000
313.0146 0.0000
313.0146 0.0000
313.0146 0.0000
313.0146 0.0000
313.0146 0.0000
313.0146 0.0000
313.0146 0.0000
313.0146 0.0000
313.0146 0.0000
313.0146 0.0000
313.0146 0.0000
313.0146 0.0000
313.0146 0.0000
313.0146 0.0000
313.0146 0.0000
313.0146 0.0000
313.0146 0.0000
313.0146 0.0000
313.0146 0.0000
313.0146 0.0000
313.0146 0.0000
313.0146 0.0000
313.0146 0.0000
313.0146 0.0000
313.0146 0.0000
313.0146 0.0000
313.0146 0.0000
313.0146 0.0000
313.0146 0.0000
313.0146 0.0000
313.0146 0.0000
313.0146 0.0000
313.0146 0.0000
313.0146 0.0000
313.0146 0.0000
313.0146 0.0000
313.0146 0.0000
313.0146 0.0000
313.0146 0.0000
313.0146 0.0000
313.0146 0.0000
313.0146 0.0000
313.0146 0.0000
313.0146 0.0000
313.0146 0.0000
313.0146 0.0000
313.0146 0.0000
313.0146 0.0000
313.0146 0.0000
313.0146 0.0000
313.0146 0.0000
313.0146 0.0000
356.7008 0.0000
356.7008 0.0000
356.7008 0.0000
356.7008 0.0000
356.7008 0.0000
356.7008 0.0000
355.4727 0.0000
355.4727 0.0000
355.4727 0.0000
355.4727 0.0000
355.4727 0.0000
355.4727 0.0000
355.4727 0.0000
355.4727 0.0000
355.4727 0.0000
355.4727 0.0000
355.4727 0.0000
355.4727 0.0000
355.4727 0.0000
355.4727 0.0000
370.6239 0.0000
370.6239 0.0000
370.6239 0.0000
370.6239 0.0000
370.6239 0.0000
370.6239 0.0000
370.6239 0.0000
372.3515 0.0000
372.3515 0.0000
372.3515 0.0000
372.3515 0.0000
372.3515 0.0000
372.3515 0.0000
372.3515 0.0000
372.3515 0.0000
372.3515 0.0000
372.3515 0.0000
372.3515 0.0000
372.3515 0.0000
376.7407 0.0000
376.7407 0.0000
376.7407 0.0000
376.7407 0.0000
376.7407 0.0000
376.7407 0.0000
376.7407 0.0000
376.7407 0.0000
376.7407 0.0000
376.7407 0.0000
376.7407 0.0000
376.7407 0.0000
376.7407 0.0000
376.7407 0.0000
376.7407 0.0000
401.2034 0.0000
401.2034 0.0000
401.2034 0.0000
401.2034 0.0000
401.2034 0.0000
401.2034 0.0000
401.2034 0.0000
401.2034 0.0000
401.2034 0.0000
401.2034 0.0000
409.7865 0.0000
409.7865 0.0000
409.7865 0.0000
409.7865 0.0000
409.7865 0.0000
409.7865 0.0000
409.7865 0.0000
409.7865 0.0000
409.7865 0.0000
409.7865 0.0000
409.7865 0.0000
409.7865 0.0000
409.7865 0.0000
409.7865 0.0000
420.6774 0.0000
420.6774 0.0000
420.6774 0.0000
420.6774 0.0000
420.6774 0.0000
420.6774 0.0000
420.6774 0.0000
420.6774 0.0000
420.6774 0.0000
420.6774 0.0000
420.6774 0.0000
420.6774 0.0000
420.6774 0.0000
420.6774 0.0000
420.6774 0.0000
420.6774 0.0000
420.6774 0.0000
420.6774 0.0000
420.6774 0.0000
420.6774 0.0000
414.1766 0.0000
414.1766 0.0000
414.1766 0.0000
414.1766 0.0000
414.1766 0.0000
414.1766 0.0000
414.1766 0.0000
414.1766 0.0000
414.1766 0.0000
414.1766 0.0000
414.1766 0.0000
414.1766 0.0000
414.1766 0.0000
414.1766 0.0000
414.1766 0.0000
414.1766 0.0000
414.1766 0.0000
414.1766 0.0000
414.1766 0.0000
414.1766 0.0000
414.1766 0.0000
414.1766 0.0000
414.1766 0.0000
414.1766 0.0000
414.1766 0.0000
414.1766 0.0000
414.1766 0.0000
414.1766 0.0000
414.1766 0.0000
414.1766 0.0000
414.1766 0.0000
414.1766 0.0000
414.1766 0.0000
414.1766 0.0000
414.1766 0.0000
414.1766 0.0000
414.1766 0.0000
414.1766 0.0000
414.1766 0.0000
414.1766 0.0000
414.1766 0.0000
414.1766 0.0000
414.1766 0.0000
414.1766 0.0000
414.1766 0.0000
414.1766 0.0000
387.7328 0.0000
387.7328 0.0000
387.7328 0.0000
387.7328 0.0000
387.7328 0.0000
387.7328 0.0000
387.7328 0.0000
387.7328 0.0000
328.3590 0.0000
328.3590 0.0000
328.3590 0.0000
328.3590 0.0000
328.3590 0.0000
328.3590 0.0000
328.3590 0.0000
328.3590 0.0000
328.3590 0.0000
328.3590 0.0000
303.1113 0.0000
303.1113 0.0000
303.1113 0.0000
303.1113 0.0000
303.1113 0.0000
303.1113 0.0000
303.1113 0.0000
366.5424 0.0000
366.5424 0.0000
366.5424 0.0000
366.5424 0.0000
366.5424 0.0000
456.8404 0.0000
456.8404 0.0000
456.8404 0.0000
456.8404 0.0000
456.8404 0.0000
456.8404 0.0000
456.8404 0.0000
456.8404 0.0000
480.2618 0.0000
480.2618 0.0000
480.2618 0.0000
480.2618 0.0000
480.2618 0.0000
480.2618 0.0000
480.2618 0.0000
480.2618 0.0000
526.8738 0.0000
526.8738 0.0000
526.8738 0.0000
526.8738 0.0000
526.8738 0.0000
526.8738 0.0000
526.8738 0.0000
550.7570 0.0000
550.7570 0.0000
550.7570 0.0000
550.7570 0.0000
550.7570 0.0000
550.7570 0.0000
550.7570 0.0000
550.7570 0.0000
550.7570 0.0000
550.7570 0.0000
550.7570 0.0000
550.7570 0.0000
550.7570 0.0000
550.7570 0.0000
459.1185 0.0000
459.1185 0.0000
459.1185 0.0000
459.1185 0.0000
459.1185 0.0000
459.1185 0.0000
459.1185 0.0000
399.7867 0.0000
399.7867 0.0000
399.7867 0.0000
399.7867 0.0000
399.7867 0.0000
399.7867 0.0000
399.7867 0.0000
295.5624 0.0000
295.5624 0.0000
295.5624 0.0000
295.5624 0.0000
295.5624 0.0000
295.5624 0.0000
295.5624 0.0000
295.5624 0.0000
214.3165 0.0000
214.3165 0.0000
214.3165 0.0000
214.3165 0.0000
214.3165 0.0000
131.3725 0.0000
131.3725 0.0000
131.3725 0.0000
131.3725 0.0000
131.3725 0.0000
131.3725 0.0000
131.3725 0.0000
131.3725 0.0000
131.3725 0.0000
131.3725 0.0000
131.3725 0.0000
128.8567 0.0000
128.8567 0.0000
128.8567 0.0000
128.8567 0.0000
128.8567 0.0000
128.8567 0.0000
128.8567 0.0000
128.8567 0.0000
128.8567 0.0000
128.8567 0.0000
116.2997 0.0000
116.2997 0.0000
116.2997 0.0000
116.2997 0.0000
116.2997 0.0000
116.2997 0.0000
116.2997 0.0000
116.2997 0.0000
161.5440 0.0000
161.5440 0.0000
161.5440 0.0000
161.5440 0.0000
161.5440 0.0000
161.5440 0.0000
161.5440 0.0000
161.5440 0.0000
161.5440 0.0000
161.5440 0.0000
161.5440 0.0000
161.5440 0.0000
161.5440 0.0000
198.7778 0.0000
198.7778 0.0000
198.7778 0.0000
198.7778 0.0000
198.7778 0.0000
198.7778 0.0000
198.7778 0.0000
198.7778 0.0000
198.7778 0.0000
198.7778 0.0000
198.7778 0.0000
198.7778 0.0000
198.7778 0.0000
198.7778 0.0000
198.7778 0.0000
198.7778 0.0000
198.7778 0.0000
198.7778 0.0000
198.7778 0.0000
270.5813 0.0000
270.5813 0.0000
270.5813 0.0000
270.5813 0.0000
270.5813 0.0000
270.5813 0.0000
270.5813 0.0000
270.5813 0.0000
270.5813 0.0000
270.5813 0.0000
270.5813 0.0000
270.5813 0.0000
270.5813 0.0000
270.5813 0.0000
270.5813 0.0000
270.5813 0.0000
270.5813 0.0000
270.5813 0.0000
270.5813 0.0000
270.5813 0.0000
270.5813 0.0000
270.5813 0.0000
270.5813 0.0000
270.5813 0.0000
270.5813 0.0000
270.5813 0.0000
270.5813 0.0000
270.5813 0.0000
270.5813 0.0000
270.5813 0.0000
270.5813 0.0000
270.5813 0.0000
270.5813 0.0000
270.5813 0.0000
270.5813 0.0000
270.5813 0.0000
270.5813 0.0000
270.5813 0.0000
270.5813 0.0000
270.5813 0.0000
270.5813 0.0000
270.5813 0.0000
270.5813 0.0000
270.5813 0.0000
270.5813 0.0000
270.5813 0.0000
270.5813 0.0000
270.5813 0.0000
270.5813 0.0000
270.5813 0.0000
275.4503 0.0000
275.4503 0.0000
275.4503 0.0000
275.4503 0.0000
275.4503 0.0000
275.4503 0.0000
275.4503 0.0000
275.4503 0.0000
275.4503 0.0000
275.4503 0.0000
275.4503 0.0000
299.7926 0.0000
299.7926 0.0000
299.7926 0.0000
299.7926 0.0000
299.7926 0.0000
299.7926 0.0000
299.7926 0.0000
299.7926 0.0000
299.7926 0.0000
299.7926 0.0000
299.7926 0.0000
303.8505 0.0000
303.8505 0.0000
303.8505 0.0000
303.8505 0.0000
303.8505 0.0000
303.8505 0.0000
303.8505 0.0000
303.8505 0.0000
303.8505 0.0000
303.8505 0.0000
303.8505 0.0000
303.8505 0.0000
303.8505 0.0000
303.8505 0.0000
303.8505 0.0000
303.8505 0.0000
303.8505 0.0000
303.8505 0.0000
303.8505 0.0000
303.8505 0.0000
303.8505 0.0000
303.8505 0.0000
303.8505 0.0000
303.8505 0.0000
303.8505 0.0000
303.8505 0.0000
303.8505 0.0000
303.8505 0.0000
303.8505 0.0000
303.8505 0.0000
303.8505 0.0000
303.8505 0.0000
303.8505 0.0000
303.8505 0.0000
303.8505 0.0000
303.8505 0.0000
303.8505 0.0000
303.8505 0.0000
303.8505 0.0000
303.8505 0.0000
303.8505 0.0000
303.8505 0.0000
303.8505 0.0000
303.8505 0.0000
303.8505 0.0000
303.8505 0.0000
303.8505 0.0000
303.8505 0.0000
303.8505 0.0000
303.8505 0.0000
303.8505 0.0000
303.8505 0.0000
303.8505 0.0000
303.8505 0.0000
303.8505 0.0000
303.8505 0.0000
303.8505 0.0000
303.8505 0.0000
303.8505 0.0000
303.8505 0.0000
303.8505 0.0000
274.6099 0.0000
274.6099 0.0000
274.6099 0.0000
274.6099 0.0000
274.6099 0.0000
274.6099 0.0000
274.6099 0.0000
277.9107 0.0000
277.9107 0.0000
277.9107 0.0000
277.9107 0.0000
277.9107 0.0000
277.9107 0.0000
401.4936 0.0000
401.4936 0.0000
401.4936 0.0000
401.4936 0.0000
401.4936 0.0000
401.4936 0.0000
493.4016 0.0000
493.4016 0.0000
493.4016 0.0000
493.4016 0.0000
493.4016 0.0000
493.4016 0.0000
532.2139 0.0000
532.2139 0.0000
532.2139 0.0000
532.2139 0.0000
532.2139 0.0000
532.2139 0.0000
532.2139 0.0000
532.2139 0.0000
600.5553 0.0000
600.5553 0.0000
600.5553 0.0000
600.5553 0.0000
600.5553 0.0000
600.5553 0.0000
600.5553 0.0000
617.1687 0.0000
617.1687 0.0000
617.1687 0.0000
617.1687 0.0000
617.1687 0.0000
617.1687 0.0000
562.0376 0.0000
562.0376 0.0000
562.0376 0.0000
562.0376 0.0000
562.0376 0.0000
562.0376 0.0000
515.6318 0.0000
515.6318 0.0000
515.6318 0.0000
515.6318 0.0000
515.6318 0.0000
515.6318 0.0000
436.1842 0.0000
436.1842 0.0000
436.1842 0.0000
436.1842 0.0000
436.1842 0.0000
343.9271 0.0000
343.9271 0.0000
343.9271 0.0000
343.9271 0.0000
343.9271 0.0000
228.6249 0.0000
228.6249 0.0000
228.6249 0.0000
228.6249 0.0000
228.6249 0.0000
228.6249 0.0000
228.6249 0.0000
228.6249 0.0000
171.2916 0.0000
171.2916 0.0000
171.2916 0.0000
171.2916 0.0000
171.2916 0.0000
171.2916 0.0000
171.2916 0.0000
139.3180 0.0000
139.3180 0.0000
139.3180 0.0000
139.3180 0.0000
139.3180 0.0000
139.3180 0.0000
139.3180 0.0000
139.3180 0.0000
139.3180 0.0000
139.3180 0.0000
139.3180 0.0000
139.3180 0.0000
139.3180 0.0000
139.3180 0.0000
139.3180 0.0000
139.3180 0.0000
139.3180 0.0000
139.3180 0.0000
139.3180 0.0000
139.3180 0.0000
139.3180 0.0000
139.3180 0.0000
139.3180 0.0000
139.3180 0.0000
139.3180 0.0000
139.3180 0.0000
139.3180 0.0000
139.3180 0.0000
139.3180 0.0000
139.3180 0.0000
139.3180 0.0000
139.3180 0.0000
139.3180 0.0000
139.3180 0.0000
139.3180 0.0000
139.3180 0.0000
139.3180 0.0000
139.3180 0.0000
215.6166 0.0000
215.6166 0.0000
215.6166 0.0000
215.6166 0.0000
215.6166 0.0000
215.6166 0.0000
215.6166 0.0000
215.6166 0.0000
215.6166 0.0000
215.6166 0.0000
215.6166 0.0000
215.6166 0.0000
258.0281 0.0000
258.0281 0.0000
258.0281 0.0000
258.0281 0.0000
258.0281 0.0000
258.0281 0.0000
258.0281 0.0000
258.0281 0.0000
258.0281 0.0000
258.0281 0.0000
258.0281 0.0000
258.0281 0.0000
258.0281 0.0000
258.0281 0.0000
258.0281 0.0000
258.0281 0.0000
258.0281 0.0000
258.0281 0.0000
258.0281 0.0000
258.0281 0.0000
325.5450 0.0000
325.5450 0.0000
325.5450 0.0000
325.5450 0.0000
325.5450 0.0000
325.5450 0.0000
325.5450 0.0000
325.5450 0.0000
325.5450 0.0000
325.5450 0.0000
325.5450 0.0000
325.5450 0.0000
325.5450 0.0000
325.5450 0.0000
325.5450 0.0000
325.5450 0.0000
325.5450 0.0000
325.5450 0.0000
325.5450 0.0000
325.5450 0.0000
325.5450 0.0000
325.5450 0.0000
326.8434 0.0000
326.8434 0.0000
326.8434 0.0000
326.8434 0.0000
326.8434 0.0000
326.8434 0.0000
326.8434 0.0000
326.8434 0.0000
326.8434 0.0000
326.8434 0.0000
326.8434 0.0000
326.8434 0.0000
326.8434 0.0000
326.8434 0.0000
326.8434 0.0000
326.8434 0.0000
326.8434 0.0000
326.8434 0.0000
326.8434 0.0000
326.8434 0.0000
326.8434 0.0000
326.8434 0.0000
326.8434 0.0000
326.8434 0.0000
326.8434 0.0000
326.8434 0.0000
326.8434 0.0000
326.8434 0.0000
298.8152 0.0000
298.8152 0.0000
298.8152 0.0000
298.8152 0.0000
298.8152 0.0000
298.8152 0.0000
298.8152 0.0000
298.8152 0.0000
298.8152 0.0000
298.8152 0.0000
298.8152 0.0000
298.8152 0.0000
298.8152 0.0000
298.8152 0.0000
298.8152 0.0000
298.8152 0.0000
253.3019 0.0000
253.3019 0.0000
253.3019 0.0000
253.3019 0.0000
253.3019 0.0000
253.3019 0.0000
253.3019 0.0000
253.3019 0.0000
253.3019 0.0000
253.3019 0.0000
253.3019 0.0000
253.3019 0.0000
253.3019 0.0000
253.3019 0.0000
253.3019 0.0000
253.3019 0.0000
253.3019 0.0000
253.3019 0.0000
253.3019 0.0000
253.3019 0.0000
253.3019 0.0000
253.3019 0.0000
253.3019 0.0000
253.3019 0.0000
253.3019 0.0000
253.3019 0.0000
253.3019 0.0000
253.3019 0.0000
359.6319 0.0000
359.6319 0.0000
359.6319 0.0000
359.6319 0.0000
359.6319 0.0000
359.6319 0.0000
359.6319 0.0000
359.6319 0.0000
359.6319 0.0000
360.7030 0.0000
360.7030 0.0000
360.7030 0.0000
360.7030 0.0000
360.7030 0.0000
360.7030 0.0000
360.7030 0.0000
360.7030 0.0000
360.7030 0.0000
360.7030 0.0000
360.7030 0.0000
360.7030 0.0000
360.7030 0.0000
360.7030 0.0000
360.7030 0.0000
360.7030 0.0000
360.7030 0.0000
360.7030 0.0000
360.7030 0.0000
360.7030 0.0000
325.2719 0.0000
325.2719 0.0000
325.2719 0.0000
325.2719 0.0000
325.2719 0.0000
325.2719 0.0000
325.2719 0.0000
325.2719 0.0000
325.2719 0.0000
325.2719 0.0000
325.2719 0.0000
325.2719 0.0000
325.2719 0.0000
325.2719 0.0000
325.2719 0.0000
325.2719 0.0000
325.2719 0.0000
325.2719 0.0000
325.2719 0.0000
325.2719 0.0000
325.2719 0.0000
325.2719 0.0000
325.2719 0.0000
325.2719 0.0000
325.2719 0.0000
325.2719 0.0000
325.2719 0.0000
325.2719 0.0000
325.2719 0.0000
325.2719 0.0000
325.2719 0.0000
325.2719 0.0000
325.2719 0.0000
325.2719 0.0000
325.2719 0.0000
325.2719 0.0000
325.2719 0.0000
325.2719 0.0000
325.2719 0.0000
325.2719 0.0000
325.2719 0.0000
325.2719 0.0000
325.2719 0.0000
325.2719 0.0000
325.2719 0.0000
325.2719 0.0000
325.2719 0.0000
325.2719 0.0000
325.2719 0.0000
