506.0000 250.0000
506.0000 250.0000
506.0000 250.0000
506.0000 250.0000
506.0000 250.0000
506.0000 250.0000
506.0000 250.0000
506.0000 250.0000
506.0000 250.0000
506.0000 250.0000
506.0000 250.0000
506.0000 250.0000
506.0000 250.0000
506.0000 250.0000
506.0000 250.0000
506.0000 250.0000
506.0000 250.0000
506.0000 250.0000
506.0000 250.0000
506.0000 250.0000
506.0000 250.0000
506.0000 250.0000
506.0000 250.0000
506.0000 250.0000
506.0000 250.0000
506.0000 250.0000
506.0000 250.0000
506.0000 250.0000
506.0000 250.0000
506.0000 250.0000
506.0000 250.0000
506.0000 250.0000
506.0000 250.0000
506.0000 250.0000
506.0000 250.0000
506.0000 250.0000
506.0000 250.0000
506.0000 250.0000
506.0000 250.0000
506.0000 250.0000
506.0000 250.0000
506.0000 250.0000
506.0000 250.0000
506.0000 250.0000
506.0000 250.0000
506.0000 250.0000
506.0000 250.0000
506.0000 250.0000
506.0000 250.0000
506.0000 250.0000
506.0000 250.0000
506.0000 250.0000
506.0000 250.0000
506.0000 250.0000
506.0000 250.0000
506.0000 250.0000
506.0000 250.0000
506.0000 250.0000
506.0000 250.0000
506.0000 250.0000
506.0000 250.0000
506.0000 250.0000
506.0000 250.0000
506.0000 250.0000
506.0000 250.0000
506.0000 250.0000
506.0000 250.0000
506.0000 250.0000
506.0000 250.0000
506.0000 250.0000
506.0000 250.0000
506.0000 250.0000
506.0000 250.0000
506.0000 250.0000
506.0000 250.0000
506.0000 250.0000
506.0000 250.0000
504.0000 256.0000
504.0000 256.0000
504.0000 256.0000
504.0000 256.0000
504.0000 256.0000
504.0000 256.0000
504.0000 256.0000
504.0000 256.0000
504.0000 256.0000
504.0000 256.0000
504.0000 256.0000
504.0000 256.0000
504.0000 256.0000
504.0000 256.0000
504.0000 256.0000
504.0000 256.0000
504.0000 256.0000
504.0000 256.0000
504.0000 256.0000
504.0000 256.0000
496.0000 256.0000
496.0000 256.0000
496.0000 256.0000
496.0000 256.0000
496.0000 256.0000
496.0000 256.0000
496.0000 256.0000
496.0000 256.0000
496.0000 256.0000
496.0000 256.0000
496.0000 256.0000
496.0000 256.0000
496.0000 256.0000
496.0000 256.0000
496.0000 256.0000
501.0000 263.0000
501.0000 263.0000
501.0000 263.0000
501.0000 263.0000
501.0000 263.0000
501.0000 263.0000
501.0000 263.0000
501.0000 263.0000
501.0000 263.0000
501.0000 263.0000
501.0000 263.0000
501.0000 263.0000
501.0000 263.0000
501.0000 263.0000
501.0000 263.0000
501.0000 263.0000
501.0000 263.0000
501.0000 263.0000
499.0000 260.0000
499.0000 260.0000
499.0000 260.0000
499.0000 260.0000
499.0000 260.0000
499.0000 260.0000
499.0000 260.0000
499.0000 260.0000
499.0000 260.0000
499.0000 260.0000
499.0000 260.0000
499.0000 260.0000
499.0000 260.0000
499.0000 260.0000
499.0000 260.0000
499.0000 263.0000
499.0000 263.0000
499.0000 263.0000
499.0000 263.0000
499.0000 263.0000
499.0000 263.0000
499.0000 263.0000
499.0000 263.0000
499.0000 263.0000
499.0000 263.0000
484.0000 247.0000
484.0000 247.0000
484.0000 247.0000
484.0000 247.0000
484.0000 247.0000
484.0000 247.0000
484.0000 247.0000
484.0000 247.0000
484.0000 247.0000
484.0000 247.0000
484.0000 247.0000
475.0000 246.0000
475.0000 246.0000
475.0000 246.0000
475.0000 246.0000
475.0000 246.0000
475.0000 246.0000
475.0000 246.0000
475.0000 246.0000
475.0000 246.0000
475.0000 246.0000
475.0000 246.0000
475.0000 246.0000
475.0000 246.0000
475.0000 246.0000
475.0000 246.0000
475.0000 246.0000
475.0000 246.0000
475.0000 246.0000
469.0000 245.0000
469.0000 245.0000
469.0000 245.0000
469.0000 245.0000
469.0000 245.0000
469.0000 245.0000
469.0000 245.0000
469.0000 245.0000
469.0000 245.0000
469.0000 245.0000
469.0000 245.0000
469.0000 245.0000
469.0000 245.0000
469.0000 245.0000
469.0000 245.0000
469.0000 245.0000
469.0000 245.0000
469.0000 245.0000
469.0000 245.0000
469.0000 245.0000
469.0000 245.0000
469.0000 245.0000
469.0000 245.0000
469.0000 245.0000
469.0000 245.0000
469.0000 245.0000
469.0000 245.0000
469.0000 245.0000
469.0000 245.0000
469.0000 245.0000
469.0000 245.0000
469.0000 245.0000
469.0000 245.0000
468.0000 244.0000
468.0000 244.0000
468.0000 244.0000
468.0000 244.0000
468.0000 244.0000
468.0000 244.0000
468.0000 244.0000
468.0000 244.0000
468.0000 244.0000
468.0000 244.0000
468.0000 244.0000
468.0000 244.0000
468.0000 245.0000
468.0000 245.0000
468.0000 245.0000
468.0000 245.0000
468.0000 245.0000
468.0000 245.0000
468.0000 245.0000
468.0000 245.0000
464.0000 245.0000
464.0000 245.0000
464.0000 245.0000
464.0000 245.0000
464.0000 245.0000
464.0000 245.0000
464.0000 245.0000
464.0000 245.0000
464.0000 245.0000
464.0000 245.0000
464.0000 245.0000
458.0000 243.0000
458.0000 243.0000
458.0000 243.0000
458.0000 243.0000
458.0000 243.0000
458.0000 243.0000
458.0000 243.0000
458.0000 243.0000
458.0000 243.0000
458.0000 243.0000
458.0000 243.0000
458.0000 243.0000
458.0000 243.0000
458.0000 243.0000
458.0000 243.0000
458.0000 243.0000
455.0000 239.0000
455.0000 239.0000
455.0000 239.0000
455.0000 239.0000
455.0000 239.0000
455.0000 239.0000
455.0000 239.0000
455.0000 239.0000
455.0000 239.0000
455.0000 239.0000
455.0000 239.0000
441.0000 230.0000
441.0000 230.0000
441.0000 230.0000
441.0000 230.0000
441.0000 230.0000
441.0000 230.0000
441.0000 230.0000
441.0000 230.0000
441.0000 230.0000
441.0000 230.0000
441.0000 230.0000
441.0000 230.0000
441.0000 230.0000
441.0000 230.0000
410.0000 219.0000
410.0000 219.0000
410.0000 219.0000
410.0000 219.0000
410.0000 219.0000
410.0000 219.0000
410.0000 219.0000
410.0000 219.0000
410.0000 219.0000
410.0000 219.0000
410.0000 219.0000
410.0000 219.0000
410.0000 219.0000
410.0000 219.0000
410.0000 219.0000
410.0000 219.0000
410.0000 219.0000
392.0000 212.0000
392.0000 212.0000
392.0000 212.0000
392.0000 212.0000
392.0000 212.0000
392.0000 212.0000
392.0000 212.0000
392.0000 212.0000
392.0000 212.0000
392.0000 212.0000
392.0000 212.0000
392.0000 212.0000
392.0000 212.0000
392.0000 212.0000
392.0000 212.0000
392.0000 212.0000
392.0000 212.0000
392.0000 212.0000
392.0000 212.0000
392.0000 212.0000
370.0000 190.0000
370.0000 190.0000
370.0000 190.0000
370.0000 190.0000
370.0000 190.0000
370.0000 190.0000
370.0000 190.0000
370.0000 190.0000
370.0000 190.0000
370.0000 190.0000
370.0000 190.0000
370.0000 190.0000
370.0000 190.0000
370.0000 190.0000
370.0000 190.0000
370.0000 190.0000
370.0000 190.0000
370.0000 190.0000
370.0000 190.0000
370.0000 190.0000
370.0000 190.0000
370.0000 190.0000
370.0000 190.0000
370.0000 190.0000
370.0000 190.0000
370.0000 190.0000
370.0000 190.0000
370.0000 190.0000
370.0000 190.0000
370.0000 190.0000
370.0000 190.0000
370.0000 190.0000
370.0000 190.0000
370.0000 190.0000
370.0000 190.0000
370.0000 190.0000
370.0000 190.0000
370.0000 190.0000
370.0000 190.0000
370.0000 190.0000
370.0000 190.0000
370.0000 190.0000
370.0000 190.0000
370.0000 190.0000
370.0000 190.0000
370.0000 190.0000
370.0000 190.0000
370.0000 190.0000
370.0000 190.0000
370.0000 190.0000
370.0000 190.0000
370.0000 190.0000
370.0000 190.0000
370.0000 190.0000
370.0000 190.0000
370.0000 190.0000
370.0000 190.0000
370.0000 190.0000
370.0000 190.0000
370.0000 190.0000
370.0000 190.0000
370.0000 190.0000
370.0000 190.0000
370.0000 190.0000
370.0000 190.0000
370.0000 190.0000
370.0000 190.0000
370.0000 190.0000
370.0000 190.0000
370.0000 190.0000
370.0000 190.0000
370.0000 190.0000
370.0000 190.0000
370.0000 190.0000
166.0000 86.0000
166.0000 86.0000
166.0000 86.0000
166.0000 86.0000
166.0000 86.0000
166.0000 86.0000
166.0000 86.0000
166.0000 86.0000
166.0000 86.0000
166.0000 86.0000
166.0000 86.0000
166.0000 86.0000
166.0000 86.0000
166.0000 86.0000
166.0000 86.0000
166.0000 86.0000
166.0000 86.0000
166.0000 86.0000
166.0000 86.0000
166.0000 86.0000
166.0000 86.0000
166.0000 86.0000
166.0000 86.0000
166.0000 86.0000
166.0000 86.0000
166.0000 86.0000
166.0000 86.0000
166.0000 86.0000
166.0000 86.0000
166.0000 86.0000
166.0000 86.0000
166.0000 86.0000
166.0000 86.0000
166.0000 86.0000
166.0000 86.0000
166.0000 86.0000
166.0000 86.0000
166.0000 86.0000
166.0000 86.0000
166.0000 86.0000
166.0000 86.0000
166.0000 86.0000
166.0000 86.0000
166.0000 86.0000
166.0000 86.0000
166.0000 86.0000
166.0000 86.0000
166.0000 86.0000
166.0000 86.0000
166.0000 86.0000
166.0000 86.0000
166.0000 86.0000
166.0000 86.0000
166.0000 86.0000
166.0000 86.0000
166.0000 86.0000
166.0000 86.0000
166.0000 86.0000
166.0000 86.0000
166.0000 86.0000
166.0000 86.0000
166.0000 86.0000
166.0000 86.0000
166.0000 86.0000
166.0000 86.0000
166.0000 86.0000
166.0000 86.0000
166.0000 86.0000
166.0000 86.0000
166.0000 86.0000
166.0000 86.0000
166.0000 86.0000
166.0000 86.0000
166.0000 86.0000
166.0000 86.0000
166.0000 86.0000
166.0000 86.0000
166.0000 86.0000
166.0000 86.0000
166.0000 86.0000
166.0000 86.0000
166.0000 86.0000
166.0000 86.0000
166.0000 86.0000
166.0000 86.0000
166.0000 86.0000
166.0000 86.0000
166.0000 86.0000
166.0000 86.0000
148.0000 91.0000
148.0000 91.0000
148.0000 91.0000
148.0000 91.0000
148.0000 91.0000
148.0000 91.0000
148.0000 91.0000
148.0000 91.0000
148.0000 91.0000
148.0000 91.0000
148.0000 91.0000
148.0000 91.0000
148.0000 91.0000
148.0000 91.0000
148.0000 91.0000
148.0000 91.0000
148.0000 91.0000
148.0000 91.0000
148.0000 91.0000
148.0000 91.0000
148.0000 91.0000
148.0000 91.0000
148.0000 91.0000
148.0000 91.0000
148.0000 91.0000
148.0000 91.0000
148.0000 91.0000
148.0000 91.0000
148.0000 91.0000
148.0000 91.0000
148.0000 91.0000
148.0000 91.0000
148.0000 91.0000
148.0000 91.0000
148.0000 91.0000
148.0000 91.0000
148.0000 91.0000
148.0000 91.0000
148.0000 91.0000
148.0000 91.0000
148.0000 91.0000
148.0000 91.0000
148.0000 91.0000
148.0000 91.0000
148.0000 91.0000
148.0000 91.0000
148.0000 91.0000
148.0000 91.0000
148.0000 91.0000
148.0000 91.0000
148.0000 91.0000
148.0000 91.0000
148.0000 91.0000
148.0000 91.0000
148.0000 91.0000
148.0000 91.0000
148.0000 91.0000
148.0000 91.0000
148.0000 91.0000
148.0000 91.0000
148.0000 91.0000
148.0000 91.0000
148.0000 91.0000
148.0000 91.0000
148.0000 91.0000
148.0000 91.0000
148.0000 91.0000
148.0000 91.0000
148.0000 91.0000
148.0000 91.0000
148.0000 91.0000
148.0000 91.0000
148.0000 91.0000
148.0000 91.0000
148.0000 91.0000
148.0000 91.0000
148.0000 91.0000
148.0000 91.0000
148.0000 91.0000
148.0000 91.0000
148.0000 91.0000
148.0000 91.0000
148.0000 91.0000
148.0000 91.0000
148.0000 91.0000
83.0000 107.0000
83.0000 107.0000
83.0000 107.0000
83.0000 107.0000
83.0000 107.0000
83.0000 107.0000
83.0000 107.0000
83.0000 107.0000
83.0000 107.0000
83.0000 107.0000
83.0000 107.0000
83.0000 107.0000
83.0000 107.0000
83.0000 107.0000
83.0000 107.0000
83.0000 107.0000
83.0000 107.0000
83.0000 107.0000
83.0000 107.0000
91.0000 115.0000
91.0000 115.0000
91.0000 115.0000
91.0000 115.0000
91.0000 115.0000
91.0000 115.0000
91.0000 115.0000
91.0000 115.0000
91.0000 115.0000
91.0000 115.0000
91.0000 115.0000
91.0000 115.0000
91.0000 115.0000
91.0000 115.0000
91.0000 115.0000
91.0000 115.0000
91.0000 115.0000
91.0000 115.0000
91.0000 115.0000
91.0000 115.0000
91.0000 115.0000
91.0000 115.0000
91.0000 115.0000
91.0000 115.0000
91.0000 115.0000
91.0000 115.0000
91.0000 115.0000
91.0000 115.0000
91.0000 115.0000
91.0000 115.0000
91.0000 115.0000
91.0000 115.0000
237.0000 261.0000
237.0000 261.0000
237.0000 261.0000
237.0000 261.0000
