-9.6785 757.1963
-9.6785 757.1963
-9.6785 757.1963
-9.6785 757.1963
-9.6785 757.1963
-9.6785 757.1963
-9.6785 757.1963
-9.6785 757.1963
-9.6785 757.1963
-9.6785 757.1963
-9.6785 757.1963
-9.6785 757.1963
-9.6785 757.1963
-9.6785 757.1963
-9.6785 757.1963
-9.6785 757.1963
-9.6785 757.1963
-9.6785 757.1963
-9.6785 757.1963
-9.6785 757.1963
-9.6785 757.1963
-9.6785 757.1963
-9.6785 757.1963
-9.6785 757.1963
-9.6785 757.1963
-9.6785 757.1963
-9.6785 757.1963
-9.6785 757.1963
-9.6785 757.1963
-9.6785 757.1963
-9.6785 757.1963
-9.6785 757.1963
-9.6785 757.1963
-9.6785 757.1963
-9.6785 757.1963
-9.6785 757.1963
-9.6785 757.1963
-9.6785 757.1963
-9.6785 757.1963
-9.6785 757.1963
-9.6785 757.1963
-9.6785 757.1963
-9.6785 757.1963
-9.6785 757.1963
-9.6785 757.1963
-9.6785 757.1963
-9.6785 757.1963
-9.6785 757.1963
-9.6785 757.1963
-9.6785 757.1963
-9.6785 757.1963
-9.6785 757.1963
-9.6785 757.1963
-9.6785 757.1963
-9.6785 757.1963
-9.6785 757.1963
-9.6785 757.1963
-9.6785 757.1963
-9.6785 757.1963
-9.6785 757.1963
-9.6785 757.1963
-9.6785 757.1963
-9.6785 757.1963
-9.6785 757.1963
-9.6785 757.1963
-9.6785 757.1963
-9.6785 757.1963
-9.6785 757.1963
-9.6785 757.1963
-9.6785 757.1963
-9.6785 757.1963
-9.6785 757.1963
-9.6785 757.1963
-9.6785 757.1963
-9.6785 757.1963
-9.6785 757.1963
-9.6785 757.1963
-9.6785 757.1963
-9.6785 757.1963
-9.6785 757.1963
-9.6785 757.1963
-9.6785 757.1963
-9.6785 757.1963
-9.6785 757.1963
-9.6785 757.1963
-9.6785 757.1963
-9.6785 757.1963
-9.6785 757.1963
-9.6785 757.1963
-9.6785 757.1963
-9.6785 757.1963
-9.6785 757.1963
-9.6785 757.1963
-9.6785 757.1963
-9.6785 757.1963
-9.6785 757.1963
-9.6785 757.1963
-9.6785 757.1963
-9.6785 757.1963
-9.6785 757.1963
-9.6785 757.1963
-9.6785 757.1963
-9.6785 757.1963
-9.6785 757.1963
-9.6785 757.1963
-9.6785 757.1963
-9.6785 757.1963
-9.6785 757.1963
-9.6785 757.1963
-9.6785 757.1963
-13.4941 747.1113
-13.4941 747.1113
-13.4941 747.1113
-13.4941 747.1113
-13.4941 747.1113
-13.4941 747.1113
-13.4941 747.1113
-13.4941 747.1113
-13.4941 747.1113
-13.4941 747.1113
-13.4941 747.1113
-13.4941 747.1113
-13.4941 747.1113
-13.4941 747.1113
-13.4941 747.1113
-13.4941 747.1113
-13.4941 747.1113
-15.1522 725.1131
-15.1522 725.1131
-15.1522 725.1131
-15.1522 725.1131
-15.1522 725.1131
-15.1522 725.1131
-15.1522 725.1131
-15.1522 725.1131
-15.1522 725.1131
-15.1522 725.1131
-15.1522 725.1131
-15.1522 725.1131
-15.1522 725.1131
-15.1522 725.1131
-15.1522 725.1131
-18.6840 698.3995
-18.6840 698.3995
-18.6840 698.3995
-18.6840 698.3995
-18.6840 698.3995
-18.6840 698.3995
-18.6840 698.3995
-18.6840 698.3995
-18.6840 698.3995
-18.6840 698.3995
-18.6840 698.3995
-18.6840 698.3995
-18.6840 698.3995
-18.6840 698.3995
-27.8856 671.0554
-27.8856 671.0554
-27.8856 671.0554
-27.8856 671.0554
-27.8856 671.0554
-27.8856 671.0554
-27.8856 671.0554
-27.8856 671.0554
-27.8856 671.0554
-27.8856 671.0554
-27.8856 671.0554
-27.8856 671.0554
-27.8856 671.0554
-27.8856 671.0554
-27.8856 671.0554
-28.8179 643.7172
-28.8179 643.7172
-28.8179 643.7172
-28.8179 643.7172
-28.8179 643.7172
-28.8179 643.7172
-28.8179 643.7172
-28.8179 643.7172
-28.8179 643.7172
-28.8179 643.7172
-28.8179 643.7172
-28.8179 643.7172
-28.8179 643.7172
-28.8179 643.7172
-28.8179 643.7172
-28.8179 643.7172
-36.6797 549.8770
-36.6797 549.8770
-36.6797 549.8770
-36.6797 549.8770
-36.6797 549.8770
-36.6797 549.8770
-41.1050 474.5956
-41.1050 474.5956
-41.1050 474.5956
-41.1050 474.5956
-41.1050 474.5956
-41.1050 474.5956
-41.1050 474.5956
-41.1050 474.5956
-55.4788 186.5690
-55.4788 186.5690
-55.4788 186.5690
-55.4788 186.5690
-55.4788 186.5690
-55.4788 186.5690
-55.4788 186.5690
-72.2728 -24.3107
-72.2728 -24.3107
-72.2728 -24.3107
-72.2728 -24.3107
-72.2728 -24.3107
-29.9471 -453.1678
-29.9471 -453.1678
-29.9471 -453.1678
-29.9471 -453.1678
-29.9471 -453.1678
-29.9471 -453.1678
-32.8322 -658.2932
-32.8322 -658.2932
-32.8322 -658.2932
-32.8322 -658.2932
-32.8322 -658.2932
-32.8322 -658.2932
-32.8322 -658.2932
-32.8322 -658.2932
-32.8322 -658.2932
-32.8322 -658.2932
-32.8322 -658.2932
-55.2718 326.9914
-55.2718 326.9914
-55.2718 326.9914
-55.2718 326.9914
-55.2718 326.9914
-55.2718 326.9914
-55.2718 326.9914
-55.2718 326.9914
-55.2718 326.9914
-55.2718 326.9914
-55.2718 326.9914
-55.2718 326.9914
-55.2718 326.9914
-55.2718 326.9914
-55.2718 326.9914
-55.2718 326.9914
-55.2718 326.9914
-68.4568 434.2183
-68.4568 434.2183
-68.4568 434.2183
-68.4568 434.2183
-68.4568 434.2183
-68.4568 434.2183
-68.4568 434.2183
-68.4568 434.2183
-68.4568 434.2183
-68.4568 434.2183
-68.4568 434.2183
-68.4568 434.2183
-68.4568 434.2183
-68.4568 434.2183
-65.3866 454.9838
-65.3866 454.9838
-65.3866 454.9838
-65.3866 454.9838
-65.3866 454.9838
-65.3866 454.9838
-65.3866 454.9838
-65.3866 454.9838
-65.3866 454.9838
-65.3866 454.9838
-65.3866 454.9838
-65.3866 454.9838
-65.3866 454.9838
-65.3866 454.9838
-65.3866 454.9838
-65.3866 454.9838
-65.3866 454.9838
-65.3866 454.9838
-65.3866 454.9838
-65.3866 454.9838
-65.3866 454.9838
-65.3866 454.9838
-69.1087 454.2121
-69.1087 454.2121
-69.1087 454.2121
-69.1087 454.2121
-69.1087 454.2121
-69.1087 454.2121
-69.1087 454.2121
-69.1087 454.2121
-69.1087 454.2121
-69.1087 454.2121
-69.1087 454.2121
-69.1087 454.2121
-69.1087 454.2121
-69.1087 454.2121
-69.1087 454.2121
-69.1087 454.2121
-69.1087 454.2121
-69.1087 454.2121
-69.1087 454.2121
-69.1087 454.2121
-69.1087 454.2121
-69.1087 454.2121
-69.1087 454.2121
-69.1087 454.2121
-69.1087 454.2121
-69.1087 454.2121
-69.1087 454.2121
-69.1087 454.2121
-65.7834 439.8845
-65.7834 439.8845
-65.7834 439.8845
-65.7834 439.8845
-65.7834 439.8845
-65.7834 439.8845
-65.7834 439.8845
-65.7834 439.8845
-65.7834 439.8845
-65.7834 439.8845
-65.7834 439.8845
-65.7834 439.8845
-65.7834 439.8845
-65.7834 439.8845
-65.7834 439.8845
-65.7834 439.8845
-65.7834 439.8845
-65.7834 439.8845
-65.7834 439.8845
-73.8895 422.7037
-73.8895 422.7037
-73.8895 422.7037
-73.8895 422.7037
-73.8895 422.7037
-73.8895 422.7037
-73.8895 422.7037
-73.8895 422.7037
-73.8895 422.7037
-73.8895 422.7037
-73.8895 422.7037
-73.8895 422.7037
-73.8895 422.7037
-73.8895 422.7037
-73.8895 422.7037
-73.8895 422.7037
-73.8895 422.7037
-73.8895 422.7037
-80.1041 394.3747
-80.1041 394.3747
-80.1041 394.3747
-80.1041 394.3747
-80.1041 394.3747
-80.1041 394.3747
-80.1041 394.3747
-80.1041 394.3747
-80.1041 394.3747
-80.1041 394.3747
-80.1041 394.3747
-80.1041 394.3747
-80.1041 394.3747
-80.1041 394.3747
-80.1041 394.3747
-80.1041 394.3747
-80.1041 394.3747
-80.1041 394.3747
-80.1041 394.3747
-86.5521 352.4143
-86.5521 352.4143
-86.5521 352.4143
-86.5521 352.4143
-86.5521 352.4143
-86.5521 352.4143
-86.5521 352.4143
-86.5521 352.4143
-86.5521 352.4143
-86.5521 352.4143
-86.5521 352.4143
-86.5521 352.4143
-86.5521 352.4143
-86.5521 352.4143
-86.5521 352.4143
-86.5521 352.4143
-81.6456 302.2735
-81.6456 302.2735
-81.6456 302.2735
-81.6456 302.2735
-81.6456 302.2735
-81.6456 302.2735
-81.6456 302.2735
-81.6456 302.2735
-81.6456 302.2735
-81.6456 302.2735
-81.6456 302.2735
-81.6456 302.2735
-81.6456 302.2735
-81.6456 302.2735
-81.6456 302.2735
-81.6456 302.2735
-81.6456 302.2735
-81.6456 302.2735
-81.6456 302.2735
-81.6456 302.2735
-81.6456 302.2735
-81.6456 302.2735
-81.6456 302.2735
-81.6456 302.2735
-81.6456 302.2735
-81.6456 302.2735
-81.6456 302.2735
-81.6456 302.2735
-81.6456 302.2735
-81.6456 302.2735
-81.6456 302.2735
-81.6456 302.2735
-81.6456 302.2735
-81.6456 302.2735
-81.6456 302.2735
-81.6456 302.2735
-81.6456 302.2735
-81.6456 302.2735
-81.6456 302.2735
-81.6456 302.2735
-81.6456 302.2735
-81.6456 302.2735
-121.6056 374.9208
-121.6056 374.9208
-121.6056 374.9208
-121.6056 374.9208
-121.6056 374.9208
-121.6056 374.9208
-121.6056 374.9208
-121.6056 374.9208
-121.6056 374.9208
-121.6056 374.9208
-121.6056 374.9208
-121.6056 374.9208
-172.5195 364.8980
-172.5195 364.8980
-172.5195 364.8980
-172.5195 364.8980
-172.5195 364.8980
-172.5195 364.8980
-172.5195 364.8980
-172.5195 364.8980
-172.5195 364.8980
-172.5195 364.8980
-172.5195 364.8980
-172.5195 364.8980
-200.6622 375.8746
-200.6622 375.8746
-200.6622 375.8746
-200.6622 375.8746
-200.6622 375.8746
-200.6622 375.8746
-200.6622 375.8746
-200.6622 375.8746
-200.6622 375.8746
-200.6622 375.8746
-200.6622 375.8746
-200.6622 375.8746
-200.6622 375.8746
-200.6622 375.8746
-200.6622 375.8746
-200.6622 375.8746
-200.6622 375.8746
-200.6622 375.8746
-200.6622 375.8746
-156.8529 384.6111
-156.8529 384.6111
-156.8529 384.6111
-156.8529 384.6111
-156.8529 384.6111
-156.8529 384.6111
-156.8529 384.6111
-156.8529 384.6111
-156.8529 384.6111
-156.8529 384.6111
-156.8529 384.6111
-156.8529 384.6111
-156.8529 384.6111
-156.8529 384.6111
-156.8529 384.6111
-156.8529 384.6111
-156.8529 384.6111
-156.8529 384.6111
-156.8529 384.6111
-90.7474 363.5788
-90.7474 363.5788
-90.7474 363.5788
-90.7474 363.5788
-90.7474 363.5788
-90.7474 363.5788
-90.7474 363.5788
-90.7474 363.5788
-90.7474 363.5788
-90.7474 363.5788
-90.7474 363.5788
-90.7474 363.5788
-56.8454 364.1828
-56.8454 364.1828
-56.8454 364.1828
-56.8454 364.1828
-56.8454 364.1828
-56.8454 364.1828
-56.8454 364.1828
-56.8454 364.1828
-56.8454 364.1828
-56.8454 364.1828
-56.8454 364.1828
-56.8454 364.1828
-56.8454 364.1828
-56.8454 364.1828
-56.8454 364.1828
-56.8454 364.1828
-56.8454 364.1828
-56.8454 364.1828
-56.8454 364.1828
-56.8454 364.1828
-56.8454 364.1828
-56.8454 364.1828
-56.8454 364.1828
-56.8454 364.1828
-56.8454 364.1828
-56.8454 364.1828
-56.8454 364.1828
-56.8454 364.1828
-56.8454 364.1828
-56.8454 364.1828
-56.8454 364.1828
-56.8454 364.1828
-56.8454 364.1828
-56.8454 364.1828
-56.8454 364.1828
-56.8454 364.1828
-56.8454 364.1828
-56.8454 364.1828
-56.8454 364.1828
-56.8454 364.1828
-56.8454 364.1828
-56.8454 364.1828
-56.8454 364.1828
-56.8454 364.1828
-56.8454 364.1828
-56.8454 364.1828
-56.8454 364.1828
-56.8454 364.1828
-36.0424 349.7557
-36.0424 349.7557
-36.0424 349.7557
-36.0424 349.7557
-36.0424 349.7557
-36.0424 349.7557
-36.0424 349.7557
-36.0424 349.7557
-36.0424 349.7557
-36.0424 349.7557
-36.0424 349.7557
-36.0424 349.7557
-36.0424 349.7557
-36.0424 349.7557
-36.0424 349.7557
-36.0424 349.7557
-36.0424 349.7557
-36.0424 349.7557
-36.0424 349.7557
-26.9597 357.7207
-26.9597 357.7207
-26.9597 357.7207
-26.9597 357.7207
-26.9597 357.7207
-26.9597 357.7207
-26.9597 357.7207
-26.9597 357.7207
-26.9597 357.7207
-26.9597 357.7207
-26.9597 357.7207
-26.9597 357.7207
-26.9597 357.7207
-26.9597 357.7207
-26.9597 357.7207
-26.9597 357.7207
-26.9597 357.7207
-26.9597 357.7207
-26.9597 357.7207
-26.9597 357.7207
-26.9597 357.7207
-26.9597 357.7207
-26.9597 357.7207
-26.9597 357.7207
-46.3548 401.0765
-46.3548 401.0765
-46.3548 401.0765
-46.3548 401.0765
-46.3548 401.0765
-46.3548 401.0765
-46.3548 401.0765
-46.3548 401.0765
-46.3548 401.0765
-46.3548 401.0765
-46.3548 401.0765
-46.3548 401.0765
-46.3548 401.0765
-46.3548 401.0765
-46.3548 401.0765
-46.3548 401.0765
-46.3548 401.0765
-46.3548 401.0765
-46.3548 401.0765
-46.3548 401.0765
-46.3548 401.0765
-46.3548 401.0765
-46.3548 401.0765
-46.3548 401.0765
-46.3548 401.0765
-46.3548 401.0765
-46.3548 401.0765
-46.3548 401.0765
-46.3548 401.0765
-46.3548 401.0765
-46.3548 401.0765
-46.3548 401.0765
-46.3548 401.0765
-46.3548 401.0765
-46.3548 401.0765
-46.3548 401.0765
-46.3548 401.0765
-46.3548 401.0765
-46.3548 401.0765
-46.3548 401.0765
-46.3548 401.0765
-46.3548 401.0765
-46.3548 401.0765
-46.3548 401.0765
-46.3548 401.0765
-46.3548 401.0765
-46.3548 401.0765
-46.3548 401.0765
-46.3548 401.0765
-46.3548 401.0765
-46.3548 401.0765
-46.3548 401.0765
-46.3548 401.0765
-66.5534 434.6072
-66.5534 434.6072
-66.5534 434.6072
-66.5534 434.6072
-66.5534 434.6072
-66.5534 434.6072
-66.5534 434.6072
-66.5534 434.6072
-66.5534 434.6072
-66.5534 434.6072
-80.8973 436.7851
-80.8973 436.7851
-80.8973 436.7851
-80.8973 436.7851
-80.8973 436.7851
-80.8973 436.7851
-80.8973 436.7851
-80.8973 436.7851
-80.8973 436.7851
-80.8973 436.7851
-80.8973 436.7851
-80.8973 436.7851
-80.8973 436.7851
-80.8973 436.7851
-111.7706 435.4807
-111.7706 435.4807
-111.7706 435.4807
-111.7706 435.4807
-111.7706 435.4807
-111.7706 435.4807
-111.7706 435.4807
-111.7706 435.4807
-111.7706 435.4807
-111.7706 435.4807
-111.7706 435.4807
-111.7706 435.4807
-111.7706 435.4807
-111.7706 435.4807
-111.7706 435.4807
-111.7706 435.4807
-111.7706 435.4807
-111.7706 435.4807
-111.7706 435.4807
-111.7706 435.4807
-111.7706 435.4807
-111.7706 435.4807
-111.7706 435.4807
-111.7706 435.4807
-111.7706 435.4807
-111.7706 435.4807
-111.7706 435.4807
-111.7706 435.4807
-111.7706 435.4807
-111.7706 435.4807
-111.7706 435.4807
-111.7706 435.4807
-111.7706 435.4807
-111.7706 435.4807
-111.7706 435.4807
-111.7706 435.4807
-111.7706 435.4807
-111.7706 435.4807
-111.7706 435.4807
-111.7706 435.4807
-111.7706 435.4807
-111.7706 435.4807
-111.7706 435.4807
-111.7706 435.4807
-111.7706 435.4807
-111.7706 435.4807
-111.7706 435.4807
-111.7706 435.4807
-111.7706 435.4807
-152.9691 431.9394
-152.9691 431.9394
-152.9691 431.9394
-152.9691 431.9394
-152.9691 431.9394
-152.9691 431.9394
-152.9691 431.9394
-152.9691 431.9394
-152.9691 431.9394
-152.9691 431.9394
-152.9691 431.9394
-152.9691 431.9394
-152.9691 431.9394
-152.9691 431.9394
-152.9691 431.9394
-152.9691 431.9394
-152.9691 431.9394
-152.9691 431.9394
-152.9691 431.9394
-152.9691 431.9394
-152.9691 431.9394
-152.9691 431.9394
-152.9691 431.9394
-160.8103 435.1973
-160.8103 435.1973
-160.8103 435.1973
-160.8103 435.1973
-160.8103 435.1973
-160.8103 435.1973
-160.8103 435.1973
-160.8103 435.1973
-160.8103 435.1973
-160.8103 435.1973
-160.8103 435.1973
-177.0453 431.8309
-177.0453 431.8309
-177.0453 431.8309
-177.0453 431.8309
-177.0453 431.8309
-177.0453 431.8309
-177.0453 431.8309
-177.0453 431.8309
-177.0453 431.8309
-177.0453 431.8309
-177.0453 431.8309
-177.0453 431.8309
-177.0453 431.8309
-177.0453 431.8309
-177.0453 431.8309
-177.0453 431.8309
-177.0453 431.8309
-177.0453 431.8309
-177.0453 431.8309
-177.0453 431.8309
-177.0453 431.8309
-177.0453 431.8309
-177.0453 431.8309
-177.0453 431.8309
-177.0453 431.8309
-177.0453 431.8309
-177.0453 431.8309
-177.0453 431.8309
-177.0453 431.8309
-177.0453 431.8309
-177.0453 431.8309
-177.0453 431.8309
-177.0453 431.8309
-177.0453 431.8309
-177.0453 431.8309
-177.0453 431.8309
-177.0453 431.8309
-147.1624 369.8897
-147.1624 369.8897
-147.1624 369.8897
-147.1624 369.8897
-147.1624 369.8897
-147.1624 369.8897
-147.1624 369.8897
-147.1624 369.8897
-147.1624 369.8897
-147.1624 369.8897
-147.1624 369.8897
-127.3380 313.4723
-127.3380 313.4723
-127.3380 313.4723
-127.3380 313.4723
-127.3380 313.4723
-127.3380 313.4723
-127.3380 313.4723
-127.3380 313.4723
-127.3380 313.4723
-127.3380 313.4723
-127.3380 313.4723
-127.3380 313.4723
-127.3380 313.4723
-127.3380 313.4723
-108.1060 240.9006
-108.1060 240.9006
-108.1060 240.9006
-108.1060 240.9006
-108.1060 240.9006
-108.1060 240.9006
-108.1060 240.9006
-108.1060 240.9006
-108.1060 240.9006
-108.1060 240.9006
-108.1060 240.9006
-94.2871 180.1166
-94.2871 180.1166
-94.2871 180.1166
-94.2871 180.1166
-94.2871 180.1166
-94.2871 180.1166
-94.2871 180.1166
-94.2871 180.1166
-94.2871 180.1166
-94.2871 180.1166
-94.2871 180.1166
-94.2871 180.1166
-94.2871 180.1166
-94.2871 180.1166
-84.0367 129.2643
-84.0367 129.2643
-84.0367 129.2643
-84.0367 129.2643
-84.0367 129.2643
-84.0367 129.2643
-84.0367 129.2643
-84.0367 129.2643
-84.0367 129.2643
-84.0367 129.2643
-84.0367 129.2643
-84.0367 129.2643
-84.0367 129.2643
-65.9192 10.7970
-65.9192 10.7970
-65.9192 10.7970
-65.9192 10.7970
-65.9192 10.7970
-65.9192 10.7970
-65.9192 10.7970
-65.9192 10.7970
-65.9192 10.7970
-65.9192 10.7970
-41.5366 -68.8768
-41.5366 -68.8768
-41.5366 -68.8768
-41.5366 -68.8768
-41.5366 -68.8768
-41.5366 -68.8768
-41.5366 -68.8768
-41.5366 -68.8768
-41.5366 -68.8768
-41.5366 -68.8768
-41.5366 -68.8768
-41.5366 -68.8768
-41.5366 -68.8768
-41.5366 -68.8768
-41.5366 -68.8768
-41.5366 -68.8768
-41.5366 -68.8768
-41.5366 -68.8768
-41.5366 -68.8768
-41.5366 -68.8768
-41.5366 -68.8768
-41.5366 -68.8768
-41.5366 -68.8768
-41.5366 -68.8768
-41.5366 -68.8768
-41.5366 -68.8768
-41.5366 -68.8768
-41.5366 -68.8768
-41.5366 -68.8768
-41.5366 -68.8768
-41.5366 -68.8768
-41.5366 -68.8768
-41.5366 -68.8768
-41.5366 -68.8768
297.0813 -1457.3416
297.0813 -1457.3416
297.0813 -1457.3416
297.0813 -1457.3416
297.0813 -1457.3416
297.0813 -1457.3416
297.0813 -1457.3416
297.0813 -1457.3416
297.0813 -1457.3416
297.0813 -1457.3416
297.0813 -1457.3416
297.0813 -1457.3416
569.6696 -2659.4993
569.6696 -2659.4993
569.6696 -2659.4993
569.6696 -2659.4993
569.6696 -2659.4993
569.6696 -2659.4993
569.6696 -2659.4993
569.6696 -2659.4993
569.6696 -2659.4993
569.6696 -2659.4993
569.6696 -2659.4993
569.6696 -2659.4993
569.6696 -2659.4993
569.6696 -2659.4993
569.6696 -2659.4993
569.6696 -2659.4993
569.6696 -2659.4993
569.6696 -2659.4993
569.6696 -2659.4993
569.6696 -2659.4993
569.6696 -2659.4993
569.6696 -2659.4993
569.6696 -2659.4993
569.6696 -2659.4993
569.6696 -2659.4993
569.6696 -2659.4993
569.6696 -2659.4993
569.6696 -2659.4993
569.6696 -2659.4993
569.6696 -2659.4993
569.6696 -2659.4993
569.6696 -2659.4993
569.6696 -2659.4993
569.6696 -2659.4993
569.6696 -2659.4993
569.6696 -2659.4993
569.6696 -2659.4993
569.6696 -2659.4993
569.6696 -2659.4993
569.6696 -2659.4993
569.6696 -2659.4993
569.6696 -2659.4993
569.6696 -2659.4993
569.6696 -2659.4993
569.6696 -2659.4993
569.6696 -2659.4993
569.6696 -2659.4993
-47.3811 -32.8087
-47.3811 -32.8087
-47.3811 -32.8087
-47.3811 -32.8087
-47.3811 -32.8087
-47.3811 -32.8087
-47.3811 -32.8087
-47.3811 -32.8087
-47.3811 -32.8087
-47.3811 -32.8087
-47.3811 -32.8087
-47.3811 -32.8087
-47.3811 -32.8087
-47.3811 -32.8087
-47.3811 -32.8087
-47.3811 -32.8087
-47.3811 -32.8087
-47.3811 -32.8087
-47.3811 -32.8087
-47.3811 -32.8087
-47.3811 -32.8087
-47.3811 -32.8087
-47.3811 -32.8087
-47.3811 -32.8087
-47.3811 -32.8087
-21.3126 -79.0671
-21.3126 -79.0671
-21.3126 -79.0671
-21.3126 -79.0671
-21.3126 -79.0671
-21.3126 -79.0671
-21.3126 -79.0671
-21.3126 -79.0671
-21.3126 -79.0671
-21.3126 -79.0671
-21.3126 -79.0671
-21.3126 -79.0671
-21.3126 -79.0671
-21.3126 -79.0671
-21.3126 -79.0671
-21.3126 -79.0671
-21.3126 -79.0671
-21.3126 -79.0671
-21.3126 -79.0671
-21.3126 -79.0671
-21.3126 -79.0671
