65.6882 1002.2858
65.6882 1002.2858
65.6882 1002.2858
65.6882 1002.2858
65.6882 1002.2858
65.6882 1002.2858
65.6882 1002.2858
65.6882 1002.2858
65.6882 1002.2858
65.6882 1002.2858
65.6882 1002.2858
65.6882 1002.2858
65.6882 1002.2858
65.6882 1002.2858
65.6882 1002.2858
65.6882 1002.2858
65.6882 1002.2858
65.6882 1002.2858
65.6882 1002.2858
65.6882 1002.2858
65.6882 1002.2858
65.6882 1002.2858
65.6882 1002.2858
65.6882 1002.2858
65.6882 1002.2858
65.6882 1002.2858
65.6882 1002.2858
65.6882 1002.2858
65.6882 1002.2858
65.6882 1002.2858
65.6882 1002.2858
65.6882 1002.2858
65.6882 1002.2858
65.6882 1002.2858
65.6882 1002.2858
65.6882 1002.2858
65.6882 1002.2858
65.6882 1002.2858
65.6882 1002.2858
65.6882 1002.2858
65.6882 1002.2858
65.6882 1002.2858
65.6882 1002.2858
65.6882 1002.2858
65.6882 1002.2858
65.6882 1002.2858
65.6882 1002.2858
65.6882 1002.2858
65.6882 1002.2858
65.6882 1002.2858
65.6882 1002.2858
65.6882 1002.2858
65.6882 1002.2858
65.6882 1002.2858
65.6882 1002.2858
65.6882 1002.2858
65.6882 1002.2858
65.6882 1002.2858
65.6882 1002.2858
65.6882 1002.2858
65.6882 1002.2858
65.6882 1002.2858
65.6882 1002.2858
65.6882 1002.2858
65.6882 1002.2858
65.6882 1002.2858
65.6882 1002.2858
65.6882 1002.2858
65.6882 1002.2858
65.6882 1002.2858
65.6882 1002.2858
65.6882 1002.2858
65.6882 1002.2858
65.6882 1002.2858
65.6882 1002.2858
65.6882 1002.2858
65.6882 1002.2858
46.9190 1004.8054
46.9190 1004.8054
46.9190 1004.8054
46.9190 1004.8054
46.9190 1004.8054
46.9190 1004.8054
46.9190 1004.8054
46.9190 1004.8054
46.9190 1004.8054
46.9190 1004.8054
46.9190 1004.8054
46.9190 1004.8054
46.9190 1004.8054
46.9190 1004.8054
46.9190 1004.8054
46.9190 1004.8054
46.9190 1004.8054
46.9190 1004.8054
46.9190 1004.8054
46.9190 1004.8054
36.4719 994.5165
36.4719 994.5165
36.4719 994.5165
36.4719 994.5165
36.4719 994.5165
36.4719 994.5165
36.4719 994.5165
36.4719 994.5165
36.4719 994.5165
36.4719 994.5165
36.4719 994.5165
36.4719 994.5165
36.4719 994.5165
36.4719 994.5165
36.4719 994.5165
25.3732 1006.7502
25.3732 1006.7502
25.3732 1006.7502
25.3732 1006.7502
25.3732 1006.7502
25.3732 1006.7502
25.3732 1006.7502
25.3732 1006.7502
25.3732 1006.7502
25.3732 1006.7502
25.3732 1006.7502
25.3732 1006.7502
25.3732 1006.7502
25.3732 1006.7502
25.3732 1006.7502
25.3732 1006.7502
25.3732 1006.7502
25.3732 1006.7502
30.2374 1001.7709
30.2374 1001.7709
30.2374 1001.7709
30.2374 1001.7709
30.2374 1001.7709
30.2374 1001.7709
30.2374 1001.7709
30.2374 1001.7709
30.2374 1001.7709
30.2374 1001.7709
30.2374 1001.7709
30.2374 1001.7709
30.2374 1001.7709
30.2374 1001.7709
30.2374 1001.7709
22.8460 1004.2487
22.8460 1004.2487
22.8460 1004.2487
22.8460 1004.2487
22.8460 1004.2487
22.8460 1004.2487
22.8460 1004.2487
22.8460 1004.2487
22.8460 1004.2487
22.8460 1004.2487
44.1500 970.3584
44.1500 970.3584
44.1500 970.3584
44.1500 970.3584
44.1500 970.3584
44.1500 970.3584
44.1500 970.3584
44.1500 970.3584
44.1500 970.3584
44.1500 970.3584
44.1500 970.3584
34.6520 957.4172
34.6520 957.4172
34.6520 957.4172
34.6520 957.4172
34.6520 957.4172
34.6520 957.4172
34.6520 957.4172
34.6520 957.4172
34.6520 957.4172
34.6520 957.4172
34.6520 957.4172
34.6520 957.4172
34.6520 957.4172
34.6520 957.4172
34.6520 957.4172
34.6520 957.4172
34.6520 957.4172
34.6520 957.4172
29.1774 948.3919
29.1774 948.3919
29.1774 948.3919
29.1774 948.3919
29.1774 948.3919
29.1774 948.3919
29.1774 948.3919
29.1774 948.3919
29.1774 948.3919
29.1774 948.3919
29.1774 948.3919
29.1774 948.3919
29.1774 948.3919
29.1774 948.3919
29.1774 948.3919
29.1774 948.3919
29.1774 948.3919
29.1774 948.3919
29.1774 948.3919
29.1774 948.3919
29.1774 948.3919
29.1774 948.3919
29.1774 948.3919
29.1774 948.3919
29.1774 948.3919
29.1774 948.3919
29.1774 948.3919
29.1774 948.3919
29.1774 948.3919
29.1774 948.3919
29.1774 948.3919
29.1774 948.3919
29.1774 948.3919
30.4615 945.9416
30.4615 945.9416
30.4615 945.9416
30.4615 945.9416
30.4615 945.9416
30.4615 945.9416
30.4615 945.9416
30.4615 945.9416
30.4615 945.9416
30.4615 945.9416
30.4615 945.9416
30.4615 945.9416
27.8242 947.0705
27.8242 947.0705
27.8242 947.0705
27.8242 947.0705
27.8242 947.0705
27.8242 947.0705
27.8242 947.0705
27.8242 947.0705
22.4192 941.7925
22.4192 941.7925
22.4192 941.7925
22.4192 941.7925
22.4192 941.7925
22.4192 941.7925
22.4192 941.7925
22.4192 941.7925
22.4192 941.7925
22.4192 941.7925
22.4192 941.7925
19.4987 931.5209
19.4987 931.5209
19.4987 931.5209
19.4987 931.5209
19.4987 931.5209
19.4987 931.5209
19.4987 931.5209
19.4987 931.5209
19.4987 931.5209
19.4987 931.5209
19.4987 931.5209
19.4987 931.5209
19.4987 931.5209
19.4987 931.5209
19.4987 931.5209
19.4987 931.5209
25.9500 922.6013
25.9500 922.6013
25.9500 922.6013
25.9500 922.6013
25.9500 922.6013
25.9500 922.6013
25.9500 922.6013
25.9500 922.6013
25.9500 922.6013
25.9500 922.6013
25.9500 922.6013
30.8612 891.3084
30.8612 891.3084
30.8612 891.3084
30.8612 891.3084
30.8612 891.3084
30.8612 891.3084
30.8612 891.3084
30.8612 891.3084
30.8612 891.3084
30.8612 891.3084
30.8612 891.3084
30.8612 891.3084
30.8612 891.3084
30.8612 891.3084
16.5324 829.8172
16.5324 829.8172
16.5324 829.8172
16.5324 829.8172
16.5324 829.8172
16.5324 829.8172
16.5324 829.8172
16.5324 829.8172
16.5324 829.8172
16.5324 829.8172
16.5324 829.8172
16.5324 829.8172
16.5324 829.8172
16.5324 829.8172
16.5324 829.8172
16.5324 829.8172
16.5324 829.8172
9.3978 790.3295
9.3978 790.3295
9.3978 790.3295
9.3978 790.3295
9.3978 790.3295
9.3978 790.3295
9.3978 790.3295
9.3978 790.3295
9.3978 790.3295
9.3978 790.3295
9.3978 790.3295
9.3978 790.3295
9.3978 790.3295
9.3978 790.3295
9.3978 790.3295
9.3978 790.3295
9.3978 790.3295
9.3978 790.3295
9.3978 790.3295
9.3978 790.3295
42.8722 704.0133
42.8722 704.0133
42.8722 704.0133
42.8722 704.0133
42.8722 704.0133
42.8722 704.0133
42.8722 704.0133
42.8722 704.0133
42.8722 704.0133
42.8722 704.0133
42.8722 704.0133
42.8722 704.0133
42.8722 704.0133
42.8722 704.0133
42.8722 704.0133
42.8722 704.0133
42.8722 704.0133
42.8722 704.0133
42.8722 704.0133
42.8722 704.0133
42.8722 704.0133
42.8722 704.0133
42.8722 704.0133
42.8722 704.0133
42.8722 704.0133
42.8722 704.0133
42.8722 704.0133
42.8722 704.0133
42.8722 704.0133
42.8722 704.0133
42.8722 704.0133
42.8722 704.0133
42.8722 704.0133
42.8722 704.0133
42.8722 704.0133
42.8722 704.0133
42.8722 704.0133
42.8722 704.0133
42.8722 704.0133
42.8722 704.0133
42.8722 704.0133
42.8722 704.0133
42.8722 704.0133
42.8722 704.0133
42.8722 704.0133
42.8722 704.0133
42.8722 704.0133
42.8722 704.0133
42.8722 704.0133
42.8722 704.0133
42.8722 704.0133
42.8722 704.0133
42.8722 704.0133
42.8722 704.0133
42.8722 704.0133
42.8722 704.0133
42.8722 704.0133
42.8722 704.0133
42.8722 704.0133
42.8722 704.0133
42.8722 704.0133
42.8722 704.0133
42.8722 704.0133
42.8722 704.0133
42.8722 704.0133
42.8722 704.0133
42.8722 704.0133
42.8722 704.0133
42.8722 704.0133
42.8722 704.0133
42.8722 704.0133
42.8722 704.0133
42.8722 704.0133
42.8722 704.0133
50.7987 -535.8218
50.7987 -535.8218
50.7987 -535.8218
50.7987 -535.8218
50.7987 -535.8218
50.7987 -535.8218
50.7987 -535.8218
50.7987 -535.8218
50.7987 -535.8218
50.7987 -535.8218
50.7987 -535.8218
50.7987 -535.8218
50.7987 -535.8218
50.7987 -535.8218
50.7987 -535.8218
50.7987 -535.8218
50.7987 -535.8218
50.7987 -535.8218
50.7987 -535.8218
50.7987 -535.8218
50.7987 -535.8218
50.7987 -535.8218
50.7987 -535.8218
50.7987 -535.8218
50.7987 -535.8218
50.7987 -535.8218
50.7987 -535.8218
50.7987 -535.8218
50.7987 -535.8218
50.7987 -535.8218
50.7987 -535.8218
50.7987 -535.8218
50.7987 -535.8218
50.7987 -535.8218
50.7987 -535.8218
50.7987 -535.8218
50.7987 -535.8218
50.7987 -535.8218
50.7987 -535.8218
50.7987 -535.8218
50.7987 -535.8218
50.7987 -535.8218
50.7987 -535.8218
50.7987 -535.8218
50.7987 -535.8218
50.7987 -535.8218
50.7987 -535.8218
50.7987 -535.8218
50.7987 -535.8218
50.7987 -535.8218
50.7987 -535.8218
50.7987 -535.8218
50.7987 -535.8218
50.7987 -535.8218
50.7987 -535.8218
50.7987 -535.8218
50.7987 -535.8218
50.7987 -535.8218
50.7987 -535.8218
50.7987 -535.8218
50.7987 -535.8218
50.7987 -535.8218
50.7987 -535.8218
50.7987 -535.8218
50.7987 -535.8218
50.7987 -535.8218
50.7987 -535.8218
50.7987 -535.8218
50.7987 -535.8218
50.7987 -535.8218
50.7987 -535.8218
50.7987 -535.8218
50.7987 -535.8218
50.7987 -535.8218
50.7987 -535.8218
50.7987 -535.8218
50.7987 -535.8218
50.7987 -535.8218
50.7987 -535.8218
50.7987 -535.8218
50.7987 -535.8218
50.7987 -535.8218
50.7987 -535.8218
50.7987 -535.8218
50.7987 -535.8218
50.7987 -535.8218
50.7987 -535.8218
50.7987 -535.8218
50.7987 -535.8218
-40.6391 -482.7101
-40.6391 -482.7101
-40.6391 -482.7101
-40.6391 -482.7101
-40.6391 -482.7101
-40.6391 -482.7101
-40.6391 -482.7101
-40.6391 -482.7101
-40.6391 -482.7101
-40.6391 -482.7101
-40.6391 -482.7101
-40.6391 -482.7101
-40.6391 -482.7101
-40.6391 -482.7101
-40.6391 -482.7101
-40.6391 -482.7101
-40.6391 -482.7101
-40.6391 -482.7101
-40.6391 -482.7101
-40.6391 -482.7101
-40.6391 -482.7101
-40.6391 -482.7101
-40.6391 -482.7101
-40.6391 -482.7101
-40.6391 -482.7101
-40.6391 -482.7101
-40.6391 -482.7101
-40.6391 -482.7101
-40.6391 -482.7101
-40.6391 -482.7101
-40.6391 -482.7101
-40.6391 -482.7101
-40.6391 -482.7101
-40.6391 -482.7101
-40.6391 -482.7101
-40.6391 -482.7101
-40.6391 -482.7101
-40.6391 -482.7101
-40.6391 -482.7101
-40.6391 -482.7101
-40.6391 -482.7101
-40.6391 -482.7101
-40.6391 -482.7101
-40.6391 -482.7101
-40.6391 -482.7101
-40.6391 -482.7101
-40.6391 -482.7101
-40.6391 -482.7101
-40.6391 -482.7101
-40.6391 -482.7101
-40.6391 -482.7101
-40.6391 -482.7101
-40.6391 -482.7101
-40.6391 -482.7101
-40.6391 -482.7101
-40.6391 -482.7101
-40.6391 -482.7101
-40.6391 -482.7101
-40.6391 -482.7101
-40.6391 -482.7101
-40.6391 -482.7101
-40.6391 -482.7101
-40.6391 -482.7101
-40.6391 -482.7101
-40.6391 -482.7101
-40.6391 -482.7101
-40.6391 -482.7101
-40.6391 -482.7101
-40.6391 -482.7101
-40.6391 -482.7101
-40.6391 -482.7101
-40.6391 -482.7101
-40.6391 -482.7101
-40.6391 -482.7101
-40.6391 -482.7101
-40.6391 -482.7101
-40.6391 -482.7101
-40.6391 -482.7101
-40.6391 -482.7101
-40.6391 -482.7101
-40.6391 -482.7101
-40.6391 -482.7101
-40.6391 -482.7101
-40.6391 -482.7101
-40.6391 -482.7101
-285.4847 -365.0790
-285.4847 -365.0790
-285.4847 -365.0790
-285.4847 -365.0790
-285.4847 -365.0790
-285.4847 -365.0790
-285.4847 -365.0790
-285.4847 -365.0790
-285.4847 -365.0790
-285.4847 -365.0790
-285.4847 -365.0790
-285.4847 -365.0790
-285.4847 -365.0790
-285.4847 -365.0790
-285.4847 -365.0790
-285.4847 -365.0790
-285.4847 -365.0790
-285.4847 -365.0790
-285.4847 -365.0790
-285.3117 -248.8546
-285.3117 -248.8546
-285.3117 -248.8546
-285.3117 -248.8546
-285.3117 -248.8546
-285.3117 -248.8546
-285.3117 -248.8546
-285.3117 -248.8546
-285.3117 -248.8546
-285.3117 -248.8546
-285.3117 -248.8546
-285.3117 -248.8546
-285.3117 -248.8546
-285.3117 -248.8546
-285.3117 -248.8546
-285.3117 -248.8546
-285.3117 -248.8546
-285.3117 -248.8546
-285.3117 -248.8546
-285.3117 -248.8546
-285.3117 -248.8546
-285.3117 -248.8546
-285.3117 -248.8546
-285.3117 -248.8546
-285.3117 -248.8546
-285.3117 -248.8546
-285.3117 -248.8546
-285.3117 -248.8546
-285.3117 -248.8546
-285.3117 -248.8546
-285.3117 -248.8546
-285.3117 -248.8546
-283.9069 694.5492
-283.9069 694.5492
-283.9069 694.5492
-283.9069 694.5492
