128.1238 0.0000
128.1238 0.0000
128.1238 0.0000
128.1238 0.0000
128.1238 0.0000
128.1238 0.0000
128.1238 0.0000
128.1238 0.0000
128.1238 0.0000
128.1238 0.0000
128.1238 0.0000
128.1238 0.0000
128.1238 0.0000
128.1238 0.0000
128.1238 0.0000
128.1238 0.0000
128.1238 0.0000
128.1238 0.0000
128.1238 0.0000
128.1238 0.0000
128.1238 0.0000
128.1238 0.0000
128.1238 0.0000
128.1238 0.0000
128.1238 0.0000
128.1238 0.0000
128.1238 0.0000
128.1238 0.0000
128.1238 0.0000
128.1238 0.0000
128.1238 0.0000
128.1238 0.0000
128.1238 0.0000
128.1238 0.0000
128.1238 0.0000
128.1238 0.0000
128.1238 0.0000
128.1238 0.0000
128.1238 0.0000
128.1238 0.0000
128.1238 0.0000
128.1238 0.0000
128.1238 0.0000
128.1238 0.0000
128.1238 0.0000
128.1238 0.0000
128.1238 0.0000
128.1238 0.0000
128.1238 0.0000
128.1238 0.0000
128.1238 0.0000
128.1238 0.0000
128.1238 0.0000
128.1238 0.0000
128.1238 0.0000
128.1238 0.0000
128.1238 0.0000
128.1238 0.0000
128.1238 0.0000
128.1238 0.0000
128.1238 0.0000
128.1238 0.0000
128.1238 0.0000
128.1238 0.0000
128.1238 0.0000
128.1238 0.0000
128.1238 0.0000
128.1238 0.0000
128.1238 0.0000
128.1238 0.0000
128.1238 0.0000
128.1238 0.0000
128.1238 0.0000
128.1238 0.0000
128.1238 0.0000
128.1238 0.0000
128.1238 0.0000
128.1238 0.0000
128.1238 0.0000
128.1238 0.0000
128.1238 0.0000
128.1238 0.0000
128.1238 0.0000
128.1238 0.0000
128.1238 0.0000
128.1238 0.0000
128.1238 0.0000
128.1238 0.0000
128.1238 0.0000
128.1238 0.0000
128.1238 0.0000
128.1238 0.0000
128.1238 0.0000
128.1238 0.0000
128.1238 0.0000
128.1238 0.0000
128.1238 0.0000
128.1238 0.0000
128.1238 0.0000
128.1238 0.0000
128.1238 0.0000
128.1238 0.0000
128.1238 0.0000
128.1238 0.0000
128.1238 0.0000
128.1238 0.0000
128.1238 0.0000
128.1238 0.0000
128.1238 0.0000
128.1238 0.0000
128.1238 0.0000
128.1238 0.0000
128.1238 0.0000
128.1238 0.0000
128.1238 0.0000
128.1238 0.0000
128.1238 0.0000
128.1238 0.0000
128.1238 0.0000
128.1238 0.0000
128.1238 0.0000
128.1238 0.0000
128.1238 0.0000
128.1238 0.0000
128.1238 0.0000
128.1238 0.0000
128.1238 0.0000
128.1238 0.0000
128.1238 0.0000
128.1238 0.0000
128.1238 0.0000
128.1238 0.0000
128.1238 0.0000
128.1238 0.0000
128.1238 0.0000
128.1238 0.0000
128.1238 0.0000
128.1238 0.0000
128.1238 0.0000
128.1238 0.0000
128.1238 0.0000
128.1238 0.0000
128.1238 0.0000
128.1238 0.0000
128.1238 0.0000
128.1238 0.0000
128.1238 0.0000
128.1238 0.0000
128.1238 0.0000
128.1238 0.0000
128.1238 0.0000
128.1238 0.0000
128.1238 0.0000
128.1238 0.0000
128.1238 0.0000
128.1238 0.0000
128.1238 0.0000
128.1238 0.0000
128.1238 0.0000
128.1238 0.0000
128.1238 0.0000
128.1238 0.0000
128.1238 0.0000
128.1238 0.0000
128.1238 0.0000
128.1238 0.0000
128.1238 0.0000
128.1238 0.0000
128.1238 0.0000
128.1238 0.0000
128.1238 0.0000
128.1238 0.0000
128.1238 0.0000
128.1238 0.0000
128.1238 0.0000
128.1238 0.0000
128.1238 0.0000
128.1238 0.0000
128.1238 0.0000
128.1238 0.0000
128.1238 0.0000
128.1238 0.0000
128.1238 0.0000
128.1238 0.0000
128.1238 0.0000
128.1238 0.0000
128.1238 0.0000
128.1238 0.0000
128.1238 0.0000
128.1238 0.0000
128.1238 0.0000
128.1238 0.0000
128.1238 0.0000
128.1238 0.0000
128.1238 0.0000
128.1238 0.0000
128.1238 0.0000
128.1238 0.0000
128.1238 0.0000
128.1238 0.0000
128.1238 0.0000
128.1238 0.0000
128.1238 0.0000
128.1238 0.0000
128.1238 0.0000
128.1238 0.0000
128.1238 0.0000
128.1238 0.0000
128.1238 0.0000
128.1238 0.0000
128.1238 0.0000
128.1238 0.0000
128.1238 0.0000
128.1238 0.0000
128.1238 0.0000
128.1238 0.0000
128.1238 0.0000
128.1238 0.0000
128.1238 0.0000
128.1238 0.0000
128.1238 0.0000
128.1238 0.0000
128.1238 0.0000
128.1238 0.0000
128.1238 0.0000
128.1238 0.0000
128.1238 0.0000
128.1238 0.0000
128.1238 0.0000
128.1238 0.0000
128.1238 0.0000
128.1238 0.0000
128.1238 0.0000
128.1238 0.0000
128.1238 0.0000
128.1238 0.0000
128.1238 0.0000
128.1238 0.0000
128.1238 0.0000
128.1238 0.0000
128.1238 0.0000
128.1238 0.0000
128.1238 0.0000
128.1238 0.0000
128.1238 0.0000
128.1238 0.0000
128.1238 0.0000
128.1238 0.0000
128.1238 0.0000
128.1238 0.0000
128.1238 0.0000
128.1238 0.0000
128.1238 0.0000
128.1238 0.0000
128.1238 0.0000
128.1238 0.0000
128.1238 0.0000
128.1238 0.0000
128.1238 0.0000
128.1238 0.0000
181.3376 0.0000
181.3376 0.0000
181.3376 0.0000
181.3376 0.0000
181.3376 0.0000
181.3376 0.0000
181.3376 0.0000
181.3376 0.0000
181.3376 0.0000
181.3376 0.0000
181.3376 0.0000
185.1431 0.0000
185.1431 0.0000
185.1431 0.0000
185.1431 0.0000
185.1431 0.0000
185.1431 0.0000
185.1431 0.0000
185.1431 0.0000
185.1431 0.0000
185.1431 0.0000
185.1431 0.0000
185.1431 0.0000
166.9566 0.0000
166.9566 0.0000
166.9566 0.0000
166.9566 0.0000
166.9566 0.0000
166.9566 0.0000
166.9566 0.0000
166.9566 0.0000
166.9566 0.0000
161.2524 0.0000
161.2524 0.0000
161.2524 0.0000
161.2524 0.0000
161.2524 0.0000
161.2524 0.0000
161.2524 0.0000
161.2524 0.0000
161.2524 0.0000
161.2524 0.0000
161.2524 0.0000
161.2524 0.0000
161.2524 0.0000
161.2524 0.0000
183.0178 0.0000
183.0178 0.0000
183.0178 0.0000
183.0178 0.0000
183.0178 0.0000
183.0178 0.0000
183.0178 0.0000
183.0178 0.0000
183.0178 0.0000
183.0178 0.0000
183.0178 0.0000
183.0178 0.0000
190.3689 0.0000
190.3689 0.0000
190.3689 0.0000
190.3689 0.0000
190.3689 0.0000
190.3689 0.0000
190.3689 0.0000
190.3689 0.0000
190.3689 0.0000
190.3689 0.0000
190.3689 0.0000
190.3689 0.0000
190.3689 0.0000
190.3689 0.0000
212.4132 0.0000
212.4132 0.0000
212.4132 0.0000
212.4132 0.0000
212.4132 0.0000
212.4132 0.0000
212.4132 0.0000
212.4132 0.0000
212.4132 0.0000
212.4132 0.0000
212.4132 0.0000
212.4132 0.0000
212.4132 0.0000
212.4132 0.0000
212.4132 0.0000
212.4132 0.0000
212.4132 0.0000
151.3295 0.0000
151.3295 0.0000
151.3295 0.0000
151.3295 0.0000
151.3295 0.0000
151.3295 0.0000
151.3295 0.0000
151.3295 0.0000
151.3295 0.0000
151.3295 0.0000
151.3295 0.0000
151.3295 0.0000
151.3295 0.0000
151.3295 0.0000
151.3295 0.0000
151.3295 0.0000
151.3295 0.0000
151.3295 0.0000
151.3295 0.0000
151.3295 0.0000
151.3295 0.0000
135.1094 0.0000
135.1094 0.0000
135.1094 0.0000
135.1094 0.0000
135.1094 0.0000
135.1094 0.0000
135.1094 0.0000
135.1094 0.0000
135.1094 0.0000
135.1094 0.0000
135.1094 0.0000
135.1094 0.0000
135.1094 0.0000
135.1094 0.0000
135.1094 0.0000
135.1094 0.0000
135.1094 0.0000
135.1094 0.0000
135.1094 0.0000
135.1094 0.0000
135.1094 0.0000
135.1094 0.0000
135.1094 0.0000
135.1094 0.0000
135.1094 0.0000
135.1094 0.0000
135.1094 0.0000
135.1094 0.0000
135.1094 0.0000
86.0852 0.0000
86.0852 0.0000
86.0852 0.0000
86.0852 0.0000
86.0852 0.0000
86.0852 0.0000
86.0852 0.0000
86.0852 0.0000
86.0852 0.0000
86.0852 0.0000
86.0852 0.0000
123.6600 0.0000
123.6600 0.0000
123.6600 0.0000
123.6600 0.0000
123.6600 0.0000
123.6600 0.0000
123.6600 0.0000
123.6600 0.0000
123.6600 0.0000
123.6600 0.0000
123.6600 0.0000
123.6600 0.0000
123.6600 0.0000
123.6600 0.0000
123.6600 0.0000
123.6600 0.0000
123.6600 0.0000
123.6600 0.0000
15.4262 0.0000
15.4262 0.0000
15.4262 0.0000
15.4262 0.0000
15.4262 0.0000
15.4262 0.0000
15.4262 0.0000
15.4262 0.0000
15.4262 0.0000
15.4262 0.0000
15.4262 0.0000
15.4262 0.0000
15.4262 0.0000
15.4262 0.0000
15.4262 0.0000
-28.7105 0.0000
-28.7105 0.0000
-28.7105 0.0000
-28.7105 0.0000
-28.7105 0.0000
-28.7105 0.0000
-28.7105 0.0000
-28.7105 0.0000
-28.7105 0.0000
-28.7105 0.0000
-28.7105 0.0000
-28.7105 0.0000
-28.7105 0.0000
-28.7105 0.0000
-28.7105 0.0000
-28.7105 0.0000
-28.7105 0.0000
-28.7105 0.0000
-28.7105 0.0000
-28.7105 0.0000
-28.7105 0.0000
-28.7105 0.0000
-16.2973 0.0000
-16.2973 0.0000
-16.2973 0.0000
-16.2973 0.0000
-16.2973 0.0000
-16.2973 0.0000
-16.2973 0.0000
-16.2973 0.0000
-16.2973 0.0000
-16.2973 0.0000
-16.2973 0.0000
-16.2973 0.0000
-16.2973 0.0000
-16.2973 0.0000
-16.2973 0.0000
43.7551 0.0000
43.7551 0.0000
43.7551 0.0000
43.7551 0.0000
43.7551 0.0000
43.7551 0.0000
43.7551 0.0000
43.7551 0.0000
43.7551 0.0000
43.7551 0.0000
43.7551 0.0000
43.7551 0.0000
43.7551 0.0000
103.8718 0.0000
103.8718 0.0000
103.8718 0.0000
103.8718 0.0000
103.8718 0.0000
103.8718 0.0000
103.8718 0.0000
103.8718 0.0000
103.8718 0.0000
103.8718 0.0000
103.8718 0.0000
103.8718 0.0000
103.8718 0.0000
155.2764 0.0000
155.2764 0.0000
155.2764 0.0000
155.2764 0.0000
155.2764 0.0000
155.2764 0.0000
155.2764 0.0000
155.2764 0.0000
155.2764 0.0000
155.2764 0.0000
155.2764 0.0000
155.2764 0.0000
155.2764 0.0000
155.2764 0.0000
155.2764 0.0000
155.2764 0.0000
155.2764 0.0000
104.1318 0.0000
104.1318 0.0000
104.1318 0.0000
104.1318 0.0000
104.1318 0.0000
104.1318 0.0000
104.1318 0.0000
104.1318 0.0000
104.1318 0.0000
104.1318 0.0000
104.1318 0.0000
104.1318 0.0000
104.1318 0.0000
104.1318 0.0000
104.1318 0.0000
104.1318 0.0000
104.1318 0.0000
104.1318 0.0000
94.4087 0.0000
94.4087 0.0000
94.4087 0.0000
94.4087 0.0000
94.4087 0.0000
94.4087 0.0000
94.4087 0.0000
94.4087 0.0000
94.4087 0.0000
94.4087 0.0000
94.4087 0.0000
94.4087 0.0000
94.4087 0.0000
94.4087 0.0000
94.4087 0.0000
94.4087 0.0000
87.4538 0.0000
87.4538 0.0000
87.4538 0.0000
87.4538 0.0000
87.4538 0.0000
87.4538 0.0000
87.4538 0.0000
87.4538 0.0000
87.4538 0.0000
87.4538 0.0000
87.4538 0.0000
87.4538 0.0000
87.4538 0.0000
87.4538 0.0000
87.4538 0.0000
87.4538 0.0000
87.4538 0.0000
101.3749 0.0000
101.3749 0.0000
101.3749 0.0000
101.3749 0.0000
101.3749 0.0000
101.3749 0.0000
101.3749 0.0000
101.3749 0.0000
101.3749 0.0000
101.3749 0.0000
101.3749 0.0000
101.3749 0.0000
101.3749 0.0000
101.3749 0.0000
101.3749 0.0000
101.3749 0.0000
101.3749 0.0000
58.2682 0.0000
58.2682 0.0000
58.2682 0.0000
58.2682 0.0000
58.2682 0.0000
58.2682 0.0000
58.2682 0.0000
58.2682 0.0000
58.2682 0.0000
58.2682 0.0000
58.2682 0.0000
58.2682 0.0000
58.2682 0.0000
58.2682 0.0000
58.2682 0.0000
58.2682 0.0000
58.2682 0.0000
22.5367 0.0000
22.5367 0.0000
22.5367 0.0000
22.5367 0.0000
22.5367 0.0000
22.5367 0.0000
22.5367 0.0000
22.5367 0.0000
22.5367 0.0000
22.5367 0.0000
22.5367 0.0000
22.5367 0.0000
22.5367 0.0000
22.5367 0.0000
22.5367 0.0000
22.5367 0.0000
22.5367 0.0000
22.5367 0.0000
22.5367 0.0000
22.5367 0.0000
22.5367 0.0000
22.5367 0.0000
22.5367 0.0000
22.5367 0.0000
22.5367 0.0000
22.5367 0.0000
22.5367 0.0000
22.5367 0.0000
22.5367 0.0000
22.5367 0.0000
22.5367 0.0000
-2.1456 0.0000
-2.1456 0.0000
-2.1456 0.0000
-2.1456 0.0000
-2.1456 0.0000
-2.1456 0.0000
-2.1456 0.0000
-2.1456 0.0000
-2.1456 0.0000
-2.1456 0.0000
-2.1456 0.0000
145.7725 0.0000
145.7725 0.0000
145.7725 0.0000
145.7725 0.0000
145.7725 0.0000
145.7725 0.0000
145.7725 0.0000
145.7725 0.0000
145.7725 0.0000
145.7725 0.0000
145.7725 0.0000
43.8462 0.0000
43.8462 0.0000
43.8462 0.0000
43.8462 0.0000
43.8462 0.0000
43.8462 0.0000
43.8462 0.0000
43.8462 0.0000
43.8462 0.0000
-9.0966 0.0000
-9.0966 0.0000
-9.0966 0.0000
-9.0966 0.0000
-9.0966 0.0000
-9.0966 0.0000
-9.0966 0.0000
-9.0966 0.0000
-9.0966 0.0000
-9.0966 0.0000
-9.0966 0.0000
-9.0966 0.0000
-57.5011 0.0000
-57.5011 0.0000
-57.5011 0.0000
-57.5011 0.0000
-57.5011 0.0000
-57.5011 0.0000
-57.5011 0.0000
-57.5011 0.0000
-57.5011 0.0000
-57.5011 0.0000
-57.5011 0.0000
-57.5011 0.0000
-57.5011 0.0000
-57.5011 0.0000
-57.5011 0.0000
-136.7648 0.0000
-136.7648 0.0000
-136.7648 0.0000
-136.7648 0.0000
-136.7648 0.0000
-136.7648 0.0000
-136.7648 0.0000
-136.7648 0.0000
-136.7648 0.0000
-136.7648 0.0000
-136.7648 0.0000
-136.7648 0.0000
-136.7648 0.0000
-143.9778 0.0000
-143.9778 0.0000
-143.9778 0.0000
-143.9778 0.0000
-143.9778 0.0000
-143.9778 0.0000
-143.9778 0.0000
-143.9778 0.0000
-143.9778 0.0000
-143.9778 0.0000
-143.9778 0.0000
-143.9778 0.0000
-197.0662 0.0000
-197.0662 0.0000
-197.0662 0.0000
-197.0662 0.0000
-197.0662 0.0000
-197.0662 0.0000
-197.0662 0.0000
-197.0662 0.0000
-197.0662 0.0000
-197.0662 0.0000
-197.0662 0.0000
-197.0662 0.0000
-197.0662 0.0000
-197.0662 0.0000
-99.4098 0.0000
-99.4098 0.0000
-99.4098 0.0000
-99.4098 0.0000
-99.4098 0.0000
-99.4098 0.0000
-99.4098 0.0000
-99.4098 0.0000
-99.4098 0.0000
-99.4098 0.0000
-99.4098 0.0000
-99.4098 0.0000
-99.4098 0.0000
-99.4098 0.0000
-99.4098 0.0000
-99.4098 0.0000
-99.4098 0.0000
-99.4098 0.0000
-82.1259 0.0000
-82.1259 0.0000
-82.1259 0.0000
-82.1259 0.0000
-82.1259 0.0000
-82.1259 0.0000
-82.1259 0.0000
-82.1259 0.0000
-82.1259 0.0000
-82.1259 0.0000
-82.1259 0.0000
-82.1259 0.0000
-82.1259 0.0000
-82.1259 0.0000
-82.1259 0.0000
-82.1259 0.0000
-82.1259 0.0000
-82.1259 0.0000
-82.1259 0.0000
-82.1259 0.0000
-82.1259 0.0000
-82.1259 0.0000
-82.1259 0.0000
-82.1259 0.0000
-82.1259 0.0000
-82.1259 0.0000
-82.1259 0.0000
-21.5293 0.0000
-21.5293 0.0000
-21.5293 0.0000
-21.5293 0.0000
-21.5293 0.0000
-21.5293 0.0000
-21.5293 0.0000
-21.5293 0.0000
-21.5293 0.0000
-21.5293 0.0000
-0.8704 0.0000
-0.8704 0.0000
-0.8704 0.0000
-0.8704 0.0000
-0.8704 0.0000
-0.8704 0.0000
-0.8704 0.0000
-0.8704 0.0000
-0.8704 0.0000
-0.8704 0.0000
-0.8704 0.0000
-0.8704 0.0000
-0.8704 0.0000
-0.8704 0.0000
-0.8704 0.0000
-0.8704 0.0000
-0.8704 0.0000
-0.8704 0.0000
39.1127 0.0000
39.1127 0.0000
39.1127 0.0000
39.1127 0.0000
39.1127 0.0000
39.1127 0.0000
39.1127 0.0000
39.1127 0.0000
39.1127 0.0000
39.1127 0.0000
39.1127 0.0000
39.1127 0.0000
39.1127 0.0000
39.1127 0.0000
77.9347 0.0000
77.9347 0.0000
77.9347 0.0000
77.9347 0.0000
77.9347 0.0000
77.9347 0.0000
77.9347 0.0000
77.9347 0.0000
77.9347 0.0000
77.9347 0.0000
77.9347 0.0000
77.9347 0.0000
77.9347 0.0000
77.9347 0.0000
77.9347 0.0000
77.9347 0.0000
77.9347 0.0000
77.9347 0.0000
77.9347 0.0000
77.9347 0.0000
77.9347 0.0000
77.9347 0.0000
77.9347 0.0000
77.9347 0.0000
77.9347 0.0000
77.9347 0.0000
77.9347 0.0000
89.1305 0.0000
89.1305 0.0000
89.1305 0.0000
89.1305 0.0000
89.1305 0.0000
89.1305 0.0000
89.1305 0.0000
89.1305 0.0000
89.1305 0.0000
89.1305 0.0000
89.1305 0.0000
89.1305 0.0000
89.1305 0.0000
106.3798 0.0000
106.3798 0.0000
106.3798 0.0000
106.3798 0.0000
106.3798 0.0000
106.3798 0.0000
106.3798 0.0000
106.3798 0.0000
106.3798 0.0000
106.3798 0.0000
106.3798 0.0000
106.3798 0.0000
106.3798 0.0000
106.3798 0.0000
106.3798 0.0000
134.8508 0.0000
134.8508 0.0000
134.8508 0.0000
134.8508 0.0000
134.8508 0.0000
134.8508 0.0000
134.8508 0.0000
134.8508 0.0000
134.8508 0.0000
134.8508 0.0000
134.8508 0.0000
134.8508 0.0000
134.8508 0.0000
134.8508 0.0000
134.8508 0.0000
134.8508 0.0000
134.8508 0.0000
193.6547 0.0000
193.6547 0.0000
193.6547 0.0000
193.6547 0.0000
193.6547 0.0000
302.3866 0.0000
302.3866 0.0000
302.3866 0.0000
302.3866 0.0000
302.3866 0.0000
302.3866 0.0000
432.8776 0.0000
432.8776 0.0000
432.8776 0.0000
432.8776 0.0000
461.9475 0.0000
461.9475 0.0000
461.9475 0.0000
461.9475 0.0000
461.9475 0.0000
461.9475 0.0000
383.5388 0.0000
383.5388 0.0000
383.5388 0.0000
383.5388 0.0000
383.5388 0.0000
324.1516 0.0000
324.1516 0.0000
324.1516 0.0000
324.1516 0.0000
324.1516 0.0000
250.4240 0.0000
250.4240 0.0000
250.4240 0.0000
250.4240 0.0000
250.4240 0.0000
250.4240 0.0000
176.9418 0.0000
176.9418 0.0000
176.9418 0.0000
176.9418 0.0000
176.9418 0.0000
140.7299 0.0000
140.7299 0.0000
140.7299 0.0000
140.7299 0.0000
140.7299 0.0000
140.7299 0.0000
140.7299 0.0000
140.7299 0.0000
140.7299 0.0000
140.7299 0.0000
140.7299 0.0000
140.7299 0.0000
109.2837 0.0000
109.2837 0.0000
109.2837 0.0000
109.2837 0.0000
109.2837 0.0000
109.2837 0.0000
109.2837 0.0000
109.2837 0.0000
109.2837 0.0000
109.2837 0.0000
109.2837 0.0000
109.2837 0.0000
109.2837 0.0000
109.2837 0.0000
109.2837 0.0000
109.2837 0.0000
109.2837 0.0000
109.2837 0.0000
109.2837 0.0000
109.2837 0.0000
109.2837 0.0000
109.2837 0.0000
73.1283 0.0000
73.1283 0.0000
73.1283 0.0000
73.1283 0.0000
73.1283 0.0000
73.1283 0.0000
73.1283 0.0000
73.1283 0.0000
73.1283 0.0000
73.1283 0.0000
73.1283 0.0000
73.1283 0.0000
73.1283 0.0000
73.1283 0.0000
73.1283 0.0000
73.1283 0.0000
73.1283 0.0000
73.1283 0.0000
73.1283 0.0000
73.1283 0.0000
73.1283 0.0000
73.1283 0.0000
73.1283 0.0000
73.1283 0.0000
73.1283 0.0000
73.1283 0.0000
73.1283 0.0000
73.1283 0.0000
