25.4660 639.0799
25.4660 639.0799
25.4660 639.0799
25.4660 639.0799
25.4660 639.0799
25.4660 639.0799
25.4660 639.0799
25.4660 639.0799
25.4660 639.0799
25.4660 639.0799
25.4660 639.0799
25.4660 639.0799
25.4660 639.0799
25.4660 639.0799
25.4660 639.0799
25.4660 639.0799
25.4660 639.0799
25.4660 639.0799
25.4660 639.0799
25.4660 639.0799
25.4660 639.0799
25.4660 639.0799
25.4660 639.0799
25.4660 639.0799
25.4660 639.0799
25.4660 639.0799
25.4660 639.0799
25.4660 639.0799
25.4660 639.0799
25.4660 639.0799
25.4660 639.0799
25.4660 639.0799
25.4660 639.0799
25.4660 639.0799
25.4660 639.0799
25.4660 639.0799
25.4660 639.0799
25.4660 639.0799
25.4660 639.0799
25.4660 639.0799
25.4660 639.0799
25.4660 639.0799
25.4660 639.0799
25.4660 639.0799
25.4660 639.0799
25.4660 639.0799
25.4660 639.0799
17.8440 614.1984
17.8440 614.1984
17.8440 614.1984
17.8440 614.1984
17.8440 614.1984
17.8440 614.1984
17.8440 614.1984
17.8440 614.1984
17.8440 614.1984
2.8346 575.5770
2.8346 575.5770
2.8346 575.5770
2.8346 575.5770
2.8346 575.5770
2.8346 575.5770
2.8346 575.5770
2.8346 575.5770
2.8346 575.5770
2.8346 575.5770
2.8346 575.5770
2.8346 575.5770
2.8346 575.5770
2.8346 575.5770
2.8346 575.5770
2.8346 575.5770
2.8346 575.5770
2.8346 575.5770
2.8346 575.5770
2.8346 575.5770
2.8346 575.5770
2.8346 575.5770
2.8346 575.5770
2.8346 575.5770
92.1068 567.0595
92.1068 567.0595
92.1068 567.0595
92.1068 567.0595
92.1068 567.0595
92.1068 567.0595
92.1068 567.0595
92.1068 567.0595
115.2582 553.5052
115.2582 553.5052
115.2582 553.5052
115.2582 553.5052
115.2582 553.5052
115.2582 553.5052
115.2582 553.5052
115.2582 553.5052
115.2582 553.5052
122.9566 537.5542
122.9566 537.5542
122.9566 537.5542
122.9566 537.5542
122.9566 537.5542
122.9566 537.5542
122.9566 537.5542
122.9566 537.5542
122.9566 537.5542
122.9566 537.5542
122.9566 537.5542
122.9566 537.5542
122.9015 531.8612
122.9015 531.8612
122.9015 531.8612
122.9015 531.8612
122.9015 531.8612
122.9015 531.8612
122.9015 531.8612
122.9015 531.8612
122.9015 531.8612
122.9015 531.8612
122.9015 531.8612
122.9015 531.8612
146.6722 523.5667
146.6722 523.5667
146.6722 523.5667
146.6722 523.5667
146.6722 523.5667
146.6722 523.5667
146.6722 523.5667
146.6722 523.5667
146.6722 523.5667
146.6722 523.5667
146.6722 523.5667
146.6722 523.5667
162.8168 525.6612
162.8168 525.6612
162.8168 525.6612
162.8168 525.6612
162.8168 525.6612
162.8168 525.6612
162.8168 525.6612
162.8168 525.6612
162.8168 525.6612
162.8168 525.6612
162.8168 525.6612
162.7689 519.8823
162.7689 519.8823
162.7689 519.8823
162.7689 519.8823
162.7689 519.8823
162.7689 519.8823
162.7689 519.8823
162.7689 519.8823
162.7689 519.8823
162.7689 519.8823
162.7689 519.8823
162.7689 519.8823
162.7689 519.8823
162.7689 519.8823
162.7689 519.8823
138.7198 528.2570
138.7198 528.2570
138.7198 528.2570
138.7198 528.2570
138.7198 528.2570
138.7198 528.2570
138.7198 528.2570
138.7198 528.2570
123.0302 545.1414
123.0302 545.1414
123.0302 545.1414
123.0302 545.1414
123.0302 545.1414
123.0302 545.1414
123.0302 545.1414
123.0302 545.1414
123.0302 545.1414
123.0302 545.1414
123.0302 545.1414
123.0302 545.1414
123.0302 545.1414
138.7895 535.8920
138.7895 535.8920
138.7895 535.8920
138.7895 535.8920
138.7895 535.8920
138.7895 535.8920
138.7895 535.8920
138.7895 535.8920
138.7895 535.8920
138.7895 535.8920
138.7895 535.8920
138.7895 535.8920
138.7895 535.8920
130.8685 538.6281
130.8685 538.6281
130.8685 538.6281
130.8685 538.6281
130.8685 538.6281
130.8685 538.6281
130.8685 538.6281
130.8685 538.6281
130.8685 538.6281
130.8685 538.6281
130.8685 538.6281
130.8685 538.6281
146.7400 531.2258
146.7400 531.2258
146.7400 531.2258
146.7400 531.2258
146.7400 531.2258
146.7400 531.2258
146.7400 531.2258
146.7400 531.2258
146.7400 531.2258
146.7400 531.2258
146.7400 531.2258
146.7400 531.2258
146.7400 531.2258
146.7400 531.2258
146.7400 531.2258
146.7400 531.2258
146.7400 531.2258
146.7400 531.2258
146.7400 531.2258
146.7570 533.1399
146.7570 533.1399
146.7570 533.1399
146.7570 533.1399
146.7570 533.1399
146.7570 533.1399
146.7570 533.1399
146.7570 533.1399
146.7570 533.1399
146.7570 533.1399
146.7570 533.1399
146.7570 533.1399
146.7570 533.1399
146.7570 533.1399
146.7570 533.1399
146.7570 533.1399
146.7570 533.1399
146.7570 533.1399
138.8070 537.8001
138.8070 537.8001
138.8070 537.8001
138.8070 537.8001
138.8070 537.8001
138.8070 537.8001
138.8070 537.8001
138.8070 537.8001
138.8070 537.8001
138.8070 537.8001
138.8070 537.8001
138.8070 537.8001
138.8070 537.8001
138.8070 537.8001
138.8070 537.8001
138.8070 537.8001
138.7372 530.1662
138.7372 530.1662
138.7372 530.1662
138.7372 530.1662
138.7372 530.1662
138.7372 530.1662
138.7372 530.1662
138.7372 530.1662
138.7372 530.1662
138.7372 530.1662
130.7071 521.4954
130.7071 521.4954
130.7071 521.4954
130.7071 521.4954
130.7071 521.4954
130.7071 521.4954
130.7071 521.4954
130.7071 521.4954
130.7071 521.4954
130.7071 521.4954
170.7251 497.7189
170.7251 497.7189
170.7251 497.7189
170.7251 497.7189
170.7251 497.7189
170.7251 497.7189
170.7251 497.7189
170.7251 497.7189
170.7251 497.7189
170.6165 484.1661
170.6165 484.1661
170.6165 484.1661
170.6165 484.1661
170.6165 484.1661
170.6165 484.1661
170.6165 484.1661
170.6165 484.1661
170.6165 484.1661
170.6165 484.1661
170.6165 484.1661
170.6165 484.1661
170.6165 484.1661
170.6165 484.1661
146.1621 465.9924
146.1621 465.9924
146.1621 465.9924
146.1621 465.9924
146.1621 465.9924
146.1621 465.9924
146.1621 465.9924
146.1621 465.9924
146.1621 465.9924
146.1621 465.9924
146.1621 465.9924
146.1621 465.9924
146.1621 465.9924
146.1621 465.9924
146.1621 465.9924
146.1621 465.9924
146.1621 465.9924
146.1621 465.9924
203.2447 423.1815
203.2447 423.1815
203.2447 423.1815
203.2447 423.1815
203.2447 423.1815
203.2447 423.1815
203.2447 423.1815
203.2447 423.1815
203.2447 423.1815
228.5200 411.6390
228.5200 411.6390
228.5200 411.6390
228.5200 411.6390
228.5200 411.6390
228.5200 411.6390
228.5200 411.6390
236.9728 394.4521
236.9728 394.4521
236.9728 394.4521
236.9728 394.4521
236.9728 394.4521
236.9728 394.4521
236.9728 394.4521
236.9728 394.4521
236.9728 394.4521
236.9728 394.4521
236.9728 394.4521
236.9728 394.4521
236.8595 374.4906
236.8595 374.4906
