22.7533 1000.9209
22.7533 1000.9209
22.7533 1000.9209
22.7533 1000.9209
22.7533 1000.9209
22.7533 1000.9209
22.7533 1000.9209
22.7533 1000.9209
22.7533 1000.9209
22.7533 1000.9209
22.7533 1000.9209
22.7533 1000.9209
22.7533 1000.9209
22.7533 1000.9209
22.7533 1000.9209
22.7533 1000.9209
22.7533 1000.9209
22.7533 1000.9209
22.7533 1000.9209
22.7533 1000.9209
22.7533 1000.9209
22.7533 1000.9209
22.7533 1000.9209
22.7533 1000.9209
22.7533 1000.9209
22.7533 1000.9209
22.7533 1000.9209
22.7533 1000.9209
22.7533 1000.9209
22.7533 1000.9209
22.7533 1000.9209
22.7533 1000.9209
22.7533 1000.9209
22.7533 1000.9209
22.7533 1000.9209
22.7533 1000.9209
22.7533 1000.9209
22.7533 1000.9209
22.7533 1000.9209
22.7533 1000.9209
22.7533 1000.9209
22.7533 1000.9209
22.7533 1000.9209
22.7533 1000.9209
22.7533 1000.9209
22.7533 1000.9209
22.7533 1000.9209
22.7533 1000.9209
22.7533 1000.9209
22.7533 1000.9209
22.7533 1000.9209
22.7533 1000.9209
22.7533 1000.9209
22.7533 1000.9209
22.7533 1000.9209
22.7533 1000.9209
22.7533 1000.9209
22.7533 1000.9209
22.7533 1000.9209
22.7533 1000.9209
22.7533 1000.9209
22.7533 1000.9209
22.7533 1000.9209
22.7533 1000.9209
22.7533 1000.9209
22.7533 1000.9209
22.7533 1000.9209
22.7533 1000.9209
22.7533 1000.9209
22.7533 1000.9209
22.7533 1000.9209
22.7533 1000.9209
22.7533 1000.9209
22.7533 1000.9209
22.7533 1000.9209
22.7533 1000.9209
22.7533 1000.9209
22.7533 1000.9209
22.7533 1000.9209
22.7533 1000.9209
22.7533 1000.9209
22.7533 1000.9209
22.7533 1000.9209
22.7533 1000.9209
22.7533 1000.9209
22.7533 1000.9209
22.7533 1000.9209
22.7533 1000.9209
22.7533 1000.9209
22.7533 1000.9209
22.7533 1000.9209
22.7533 1000.9209
22.7533 1000.9209
22.7533 1000.9209
22.7533 1000.9209
22.7533 1000.9209
22.7533 1000.9209
22.7533 1000.9209
22.7533 1000.9209
22.7533 1000.9209
22.7533 1000.9209
22.7533 1000.9209
22.7533 1000.9209
22.7533 1000.9209
22.7533 1000.9209
22.7533 1000.9209
22.7533 1000.9209
22.7533 1000.9209
22.7533 1000.9209
22.7533 1000.9209
22.7533 1000.9209
22.7533 1000.9209
22.7533 1000.9209
22.7533 1000.9209
22.7533 1000.9209
22.7533 1000.9209
22.7533 1000.9209
22.7533 1000.9209
22.7533 1000.9209
22.7533 1000.9209
22.7533 1000.9209
22.7533 1000.9209
22.7533 1000.9209
22.7533 1000.9209
22.7533 1000.9209
22.7533 1000.9209
22.7533 1000.9209
22.7533 1000.9209
22.7533 1000.9209
22.7533 1000.9209
22.7533 1000.9209
22.7533 1000.9209
22.7533 1000.9209
22.7533 1000.9209
22.7533 1000.9209
22.7533 1000.9209
22.7533 1000.9209
22.7533 1000.9209
22.7533 1000.9209
22.7533 1000.9209
22.7533 1000.9209
22.7533 1000.9209
22.7533 1000.9209
22.7533 1000.9209
22.7533 1000.9209
22.7533 1000.9209
22.7533 1000.9209
22.7533 1000.9209
22.7533 1000.9209
22.7533 1000.9209
22.7533 1000.9209
22.7533 1000.9209
22.7533 1000.9209
22.7533 1000.9209
22.7533 1000.9209
22.7533 1000.9209
22.7533 1000.9209
22.7533 1000.9209
22.7533 1000.9209
22.7533 1000.9209
22.7533 1000.9209
22.7533 1000.9209
22.7533 1000.9209
22.7533 1000.9209
22.7533 1000.9209
22.7533 1000.9209
22.7533 1000.9209
22.7533 1000.9209
22.7533 1000.9209
22.7533 1000.9209
22.7533 1000.9209
22.7533 1000.9209
22.7533 1000.9209
22.7533 1000.9209
22.7533 1000.9209
22.7533 1000.9209
22.7533 1000.9209
22.7533 1000.9209
22.7533 1000.9209
22.7533 1000.9209
22.7533 1000.9209
22.7533 1000.9209
22.7533 1000.9209
22.7533 1000.9209
22.7533 1000.9209
22.7533 1000.9209
22.7533 1000.9209
22.7533 1000.9209
22.7533 1000.9209
22.7533 1000.9209
22.7533 1000.9209
22.7533 1000.9209
22.7533 1000.9209
22.7533 1000.9209
22.7533 1000.9209
22.7533 1000.9209
22.7533 1000.9209
22.7533 1000.9209
22.7533 1000.9209
22.7533 1000.9209
22.7533 1000.9209
22.7533 1000.9209
22.7533 1000.9209
22.7533 1000.9209
22.7533 1000.9209
22.7533 1000.9209
22.7533 1000.9209
22.7533 1000.9209
22.7533 1000.9209
22.7533 1000.9209
22.7533 1000.9209
22.7533 1000.9209
22.7533 1000.9209
22.7533 1000.9209
22.7533 1000.9209
22.7533 1000.9209
22.7533 1000.9209
22.7533 1000.9209
22.7533 1000.9209
22.7533 1000.9209
22.7533 1000.9209
22.7533 1000.9209
22.7533 1000.9209
22.7533 1000.9209
22.7533 1000.9209
22.7533 1000.9209
22.7533 1000.9209
22.7533 1000.9209
22.7533 1000.9209
22.7533 1000.9209
22.7533 1000.9209
22.7533 1000.9209
22.7533 1000.9209
22.7533 1000.9209
22.7533 1000.9209
22.7533 1000.9209
22.7533 1000.9209
22.7533 1000.9209
22.7533 1000.9209
22.7533 1000.9209
22.7533 1000.9209
22.7533 1000.9209
22.7533 1000.9209
22.7533 1000.9209
22.7533 1000.9209
22.7533 1000.9209
22.7533 1000.9209
22.7533 1000.9209
22.7533 1000.9209
22.7533 1000.9209
22.7533 1000.9209
22.7533 1000.9209
19.7214 939.1581
19.7214 939.1581
19.7214 939.1581
19.7214 939.1581
19.7214 939.1581
19.7214 939.1581
19.7214 939.1581
19.7214 939.1581
19.7214 939.1581
19.7214 939.1581
19.7214 939.1581
19.7214 939.1581
19.7214 939.1581
19.7214 939.1581
19.7214 939.1581
19.7214 939.1581
19.7214 939.1581
19.8596 897.0142
19.8596 897.0142
19.8596 897.0142
19.8596 897.0142
19.8596 897.0142
19.8596 897.0142
19.8596 897.0142
19.8596 897.0142
19.8596 897.0142
19.8596 897.0142
19.8596 897.0142
19.8596 897.0142
19.8596 897.0142
19.8596 897.0142
19.8596 897.0142
19.8596 897.0142
19.8596 897.0142
19.8596 897.0142
19.8596 897.0142
19.8596 897.0142
19.8596 897.0142
19.8596 897.0142
19.8596 897.0142
19.8596 897.0142
19.8596 897.0142
19.8596 897.0142
19.8596 897.0142
19.8596 897.0142
19.8596 897.0142
19.8596 897.0142
19.8596 897.0142
10.3643 858.9917
10.3643 858.9917
10.3643 858.9917
10.3643 858.9917
10.3643 858.9917
10.3643 858.9917
10.3643 858.9917
10.3643 858.9917
10.3643 858.9917
10.3643 858.9917
10.3643 858.9917
10.3643 858.9917
10.3643 858.9917
10.3643 858.9917
10.3643 858.9917
10.3643 858.9917
10.3643 858.9917
10.3643 858.9917
117.7143 716.2217
117.7143 716.2217
117.7143 716.2217
117.7143 716.2217
117.7143 716.2217
117.7143 716.2217
117.7143 716.2217
117.7143 716.2217
117.7143 716.2217
117.7143 716.2217
475.9050 415.8917
475.9050 415.8917
475.9050 415.8917
475.9050 415.8917
475.9050 415.8917
475.9050 415.8917
475.9050 415.8917
475.9050 415.8917
475.9050 415.8917
475.9050 415.8917
475.9050 415.8917
475.9050 415.8917
293.4220 500.0822
293.4220 500.0822
293.4220 500.0822
293.4220 500.0822
293.4220 500.0822
293.4220 500.0822
293.4220 500.0822
293.4220 500.0822
293.4220 500.0822
92.6955 666.6885
92.6955 666.6885
92.6955 666.6885
92.6955 666.6885
92.6955 666.6885
92.6955 666.6885
92.6955 666.6885
92.6955 666.6885
24.0975 692.5973
24.0975 692.5973
24.0975 692.5973
24.0975 692.5973
24.0975 692.5973
24.0975 692.5973
24.0975 692.5973
24.0975 692.5973
24.0975 692.5973
24.0975 692.5973
3.1018 655.4814
3.1018 655.4814
3.1018 655.4814
3.1018 655.4814
3.1018 655.4814
3.1018 655.4814
3.1018 655.4814
3.1018 655.4814
3.1018 655.4814
3.1018 655.4814
3.1018 655.4814
3.1018 655.4814
3.1018 655.4814
-9.3985 594.1629
-9.3985 594.1629
-9.3985 594.1629
-9.3985 594.1629
-9.3985 594.1629
-9.3985 594.1629
-9.3985 594.1629
-9.3985 594.1629
-9.3985 594.1629
-9.3985 594.1629
-9.3985 594.1629
-9.3985 594.1629
-9.3985 594.1629
-9.3985 594.1629
-9.3985 594.1629
-9.3985 594.1629
-9.3985 594.1629
-9.3985 594.1629
-9.3985 594.1629
-9.3985 594.1629
-9.3985 594.1629
-9.3985 594.1629
-9.3985 594.1629
-9.3985 594.1629
-9.3985 594.1629
-9.3985 594.1629
-9.3985 594.1629
-9.3985 594.1629
-9.3985 594.1629
-9.3985 594.1629
-9.3985 594.1629
-9.3985 594.1629
-9.3985 594.1629
-9.3985 594.1629
-9.3985 594.1629
-9.3985 594.1629
-9.3985 594.1629
-9.3985 594.1629
-9.3985 594.1629
-9.3985 594.1629
-9.3985 594.1629
-9.3985 594.1629
-9.3985 594.1629
-9.3985 594.1629
-9.3985 594.1629
3.6845 572.6877
3.6845 572.6877
3.6845 572.6877
3.6845 572.6877
3.6845 572.6877
3.6845 572.6877
3.6845 572.6877
3.6845 572.6877
3.6845 572.6877
3.6845 572.6877
3.6845 572.6877
3.6845 572.6877
3.6845 572.6877
3.6845 572.6877
3.6845 572.6877
3.6845 572.6877
3.6845 572.6877
3.6845 572.6877
3.6845 572.6877
3.6845 572.6877
3.6845 572.6877
3.6845 572.6877
3.6845 572.6877
70.0383 535.6204
70.0383 535.6204
70.0383 535.6204
70.0383 535.6204
70.0383 535.6204
70.0383 535.6204
70.0383 535.6204
70.0383 535.6204
70.0383 535.6204
70.0383 535.6204
70.0383 535.6204
70.0383 535.6204
70.0383 535.6204
70.0383 535.6204
70.0383 535.6204
70.0383 535.6204
70.0383 535.6204
70.0383 535.6204
70.0383 535.6204
70.0383 535.6204
70.0383 535.6204
70.0383 535.6204
70.0383 535.6204
70.0383 535.6204
70.0383 535.6204
70.0383 535.6204
70.0383 535.6204
70.0383 535.6204
70.0383 535.6204
70.0383 535.6204
123.2283 496.8095
123.2283 496.8095
123.2283 496.8095
123.2283 496.8095
123.2283 496.8095
123.2283 496.8095
123.2283 496.8095
123.2283 496.8095
123.2283 496.8095
123.2283 496.8095
123.2283 496.8095
123.2283 496.8095
123.2283 496.8095
123.2283 496.8095
123.2283 496.8095
123.2283 496.8095
123.2283 496.8095
123.2283 496.8095
123.2283 496.8095
123.2283 496.8095
123.2283 496.8095
123.2283 496.8095
123.2283 496.8095
123.2283 496.8095
123.2283 496.8095
123.2283 496.8095
123.2283 496.8095
123.2283 496.8095
123.2283 496.8095
123.2283 496.8095
123.2283 496.8095
123.2283 496.8095
123.2283 496.8095
123.2283 496.8095
123.2283 496.8095
123.2283 496.8095
123.2283 496.8095
123.2283 496.8095
123.2283 496.8095
123.2283 496.8095
123.2283 496.8095
123.2283 496.8095
72.8727 488.4578
72.8727 488.4578
72.8727 488.4578
72.8727 488.4578
72.8727 488.4578
72.8727 488.4578
72.8727 488.4578
72.8727 488.4578
72.8727 488.4578
72.8727 488.4578
72.8727 488.4578
72.8727 488.4578
72.8727 488.4578
72.8727 488.4578
72.8727 488.4578
72.8727 488.4578
72.8727 488.4578
72.8727 488.4578
72.8727 488.4578
72.8727 488.4578
72.8727 488.4578
72.8727 488.4578
72.8727 488.4578
72.8727 488.4578
72.8727 488.4578
72.8727 488.4578
72.8727 488.4578
72.8727 488.4578
72.8727 488.4578
72.8727 488.4578
72.8727 488.4578
72.8727 488.4578
72.8727 488.4578
72.8727 488.4578
72.8727 488.4578
72.8727 488.4578
72.8727 488.4578
72.8727 488.4578
37.8374 491.2160
37.8374 491.2160
37.8374 491.2160
37.8374 491.2160
37.8374 491.2160
37.8374 491.2160
37.8374 491.2160
37.8374 491.2160
37.8374 491.2160
37.8374 491.2160
37.8374 491.2160
37.8374 491.2160
37.8374 491.2160
37.8374 491.2160
100.5333 440.2421
100.5333 440.2421
100.5333 440.2421
100.5333 440.2421
100.5333 440.2421
100.5333 440.2421
100.5333 440.2421
100.5333 440.2421
100.5333 440.2421
100.5333 440.2421
100.5333 440.2421
100.5333 440.2421
100.5333 440.2421
100.5333 440.2421
100.5333 440.2421
100.5333 440.2421
100.5333 440.2421
100.5333 440.2421
157.5431 408.3264
157.5431 408.3264
157.5431 408.3264
157.5431 408.3264
157.5431 408.3264
157.5431 408.3264
157.5431 408.3264
157.5431 408.3264
157.5431 408.3264
157.5431 408.3264
201.1048 389.5957
201.1048 389.5957
201.1048 389.5957
201.1048 389.5957
201.1048 389.5957
201.1048 389.5957
201.1048 389.5957
201.1048 389.5957
201.1048 389.5957
201.1048 389.5957
201.1048 389.5957
201.1048 389.5957
201.1048 389.5957
201.1048 389.5957
236.5802 395.6146
236.5802 395.6146
236.5802 395.6146
236.5802 395.6146
236.5802 395.6146
236.5802 395.6146
236.5802 395.6146
236.5802 395.6146
236.5802 395.6146
236.5802 395.6146
236.5802 395.6146
236.5802 395.6146
236.5802 395.6146
236.5802 395.6146
236.5802 395.6146
