5.070000000000000000e+02 2.650000000000000000e+02
5.070000000000000000e+02 2.650000000000000000e+02
5.070000000000000000e+02 2.650000000000000000e+02
5.070000000000000000e+02 2.650000000000000000e+02
5.070000000000000000e+02 2.650000000000000000e+02
5.070000000000000000e+02 2.650000000000000000e+02
5.070000000000000000e+02 2.650000000000000000e+02
5.070000000000000000e+02 2.650000000000000000e+02
5.070000000000000000e+02 2.650000000000000000e+02
5.070000000000000000e+02 2.650000000000000000e+02
5.070000000000000000e+02 2.650000000000000000e+02
5.070000000000000000e+02 2.650000000000000000e+02
5.070000000000000000e+02 2.650000000000000000e+02
5.070000000000000000e+02 2.650000000000000000e+02
5.070000000000000000e+02 2.650000000000000000e+02
5.070000000000000000e+02 2.650000000000000000e+02
5.070000000000000000e+02 2.650000000000000000e+02
5.070000000000000000e+02 2.650000000000000000e+02
5.070000000000000000e+02 2.650000000000000000e+02
5.070000000000000000e+02 2.650000000000000000e+02
5.070000000000000000e+02 2.650000000000000000e+02
5.070000000000000000e+02 2.650000000000000000e+02
5.070000000000000000e+02 2.650000000000000000e+02
5.070000000000000000e+02 2.650000000000000000e+02
5.070000000000000000e+02 2.650000000000000000e+02
5.070000000000000000e+02 2.650000000000000000e+02
5.070000000000000000e+02 2.650000000000000000e+02
5.070000000000000000e+02 2.650000000000000000e+02
5.070000000000000000e+02 2.650000000000000000e+02
5.070000000000000000e+02 2.650000000000000000e+02
5.070000000000000000e+02 2.650000000000000000e+02
5.070000000000000000e+02 2.650000000000000000e+02
5.070000000000000000e+02 2.650000000000000000e+02
5.070000000000000000e+02 2.650000000000000000e+02
5.070000000000000000e+02 2.650000000000000000e+02
5.070000000000000000e+02 2.650000000000000000e+02
5.070000000000000000e+02 2.650000000000000000e+02
5.070000000000000000e+02 2.650000000000000000e+02
5.070000000000000000e+02 2.650000000000000000e+02
5.070000000000000000e+02 2.650000000000000000e+02
5.070000000000000000e+02 2.650000000000000000e+02
5.070000000000000000e+02 2.650000000000000000e+02
5.070000000000000000e+02 2.650000000000000000e+02
5.070000000000000000e+02 2.650000000000000000e+02
5.070000000000000000e+02 2.650000000000000000e+02
5.070000000000000000e+02 2.650000000000000000e+02
5.070000000000000000e+02 2.650000000000000000e+02
5.070000000000000000e+02 2.650000000000000000e+02
5.070000000000000000e+02 2.650000000000000000e+02
5.070000000000000000e+02 2.650000000000000000e+02
5.070000000000000000e+02 2.650000000000000000e+02
5.070000000000000000e+02 2.650000000000000000e+02
5.070000000000000000e+02 2.650000000000000000e+02
5.070000000000000000e+02 2.650000000000000000e+02
5.070000000000000000e+02 2.650000000000000000e+02
5.070000000000000000e+02 2.650000000000000000e+02
5.070000000000000000e+02 2.650000000000000000e+02
5.070000000000000000e+02 2.650000000000000000e+02
5.070000000000000000e+02 2.650000000000000000e+02
5.070000000000000000e+02 2.650000000000000000e+02
5.070000000000000000e+02 2.650000000000000000e+02
5.070000000000000000e+02 2.650000000000000000e+02
5.070000000000000000e+02 2.650000000000000000e+02
5.070000000000000000e+02 2.650000000000000000e+02
5.070000000000000000e+02 2.650000000000000000e+02
5.070000000000000000e+02 2.650000000000000000e+02
5.070000000000000000e+02 2.650000000000000000e+02
5.070000000000000000e+02 2.650000000000000000e+02
5.070000000000000000e+02 2.650000000000000000e+02
5.070000000000000000e+02 2.650000000000000000e+02
5.070000000000000000e+02 2.650000000000000000e+02
5.070000000000000000e+02 2.650000000000000000e+02
5.070000000000000000e+02 2.650000000000000000e+02
5.070000000000000000e+02 2.650000000000000000e+02
5.070000000000000000e+02 2.650000000000000000e+02
5.070000000000000000e+02 2.650000000000000000e+02
5.070000000000000000e+02 2.650000000000000000e+02
5.070000000000000000e+02 2.650000000000000000e+02
5.070000000000000000e+02 2.650000000000000000e+02
4.880000000000000000e+02 2.520000000000000000e+02
4.880000000000000000e+02 2.520000000000000000e+02
4.880000000000000000e+02 2.520000000000000000e+02
4.880000000000000000e+02 2.520000000000000000e+02
4.880000000000000000e+02 2.520000000000000000e+02
4.880000000000000000e+02 2.520000000000000000e+02
4.880000000000000000e+02 2.520000000000000000e+02
4.880000000000000000e+02 2.520000000000000000e+02
4.880000000000000000e+02 2.520000000000000000e+02
4.880000000000000000e+02 2.520000000000000000e+02
4.880000000000000000e+02 2.520000000000000000e+02
4.880000000000000000e+02 2.520000000000000000e+02
4.880000000000000000e+02 2.520000000000000000e+02
4.880000000000000000e+02 2.520000000000000000e+02
4.880000000000000000e+02 2.520000000000000000e+02
4.880000000000000000e+02 2.520000000000000000e+02
4.880000000000000000e+02 2.520000000000000000e+02
4.880000000000000000e+02 2.520000000000000000e+02
4.880000000000000000e+02 2.520000000000000000e+02
4.880000000000000000e+02 2.520000000000000000e+02
4.880000000000000000e+02 2.520000000000000000e+02
4.880000000000000000e+02 2.520000000000000000e+02
4.880000000000000000e+02 2.520000000000000000e+02
4.880000000000000000e+02 2.520000000000000000e+02
4.880000000000000000e+02 2.520000000000000000e+02
4.880000000000000000e+02 2.520000000000000000e+02
4.880000000000000000e+02 2.520000000000000000e+02
4.880000000000000000e+02 2.520000000000000000e+02
4.880000000000000000e+02 2.520000000000000000e+02
4.880000000000000000e+02 2.520000000000000000e+02
4.880000000000000000e+02 2.520000000000000000e+02
4.880000000000000000e+02 2.520000000000000000e+02
4.880000000000000000e+02 2.520000000000000000e+02
4.880000000000000000e+02 2.520000000000000000e+02
4.880000000000000000e+02 2.520000000000000000e+02
4.880000000000000000e+02 2.520000000000000000e+02
4.880000000000000000e+02 2.520000000000000000e+02
4.880000000000000000e+02 2.520000000000000000e+02
4.880000000000000000e+02 2.520000000000000000e+02
4.880000000000000000e+02 2.520000000000000000e+02
4.880000000000000000e+02 2.520000000000000000e+02
4.880000000000000000e+02 2.520000000000000000e+02
4.880000000000000000e+02 2.520000000000000000e+02
4.880000000000000000e+02 2.520000000000000000e+02
4.880000000000000000e+02 2.520000000000000000e+02
4.880000000000000000e+02 2.520000000000000000e+02
4.880000000000000000e+02 2.520000000000000000e+02
4.880000000000000000e+02 2.520000000000000000e+02
4.880000000000000000e+02 2.520000000000000000e+02
4.880000000000000000e+02 2.520000000000000000e+02
4.880000000000000000e+02 2.520000000000000000e+02
4.880000000000000000e+02 2.520000000000000000e+02
4.880000000000000000e+02 2.520000000000000000e+02
4.880000000000000000e+02 2.520000000000000000e+02
4.880000000000000000e+02 2.520000000000000000e+02
4.880000000000000000e+02 2.520000000000000000e+02
4.880000000000000000e+02 2.520000000000000000e+02
4.880000000000000000e+02 2.520000000000000000e+02
4.880000000000000000e+02 2.520000000000000000e+02
4.880000000000000000e+02 2.520000000000000000e+02
4.880000000000000000e+02 2.520000000000000000e+02
4.880000000000000000e+02 2.520000000000000000e+02
4.880000000000000000e+02 2.520000000000000000e+02
4.880000000000000000e+02 2.520000000000000000e+02
4.880000000000000000e+02 2.520000000000000000e+02
4.880000000000000000e+02 2.520000000000000000e+02
4.880000000000000000e+02 2.520000000000000000e+02
4.880000000000000000e+02 2.520000000000000000e+02
4.880000000000000000e+02 2.520000000000000000e+02
4.880000000000000000e+02 2.520000000000000000e+02
4.880000000000000000e+02 2.520000000000000000e+02
4.880000000000000000e+02 2.520000000000000000e+02
4.880000000000000000e+02 2.520000000000000000e+02
4.880000000000000000e+02 2.520000000000000000e+02
4.880000000000000000e+02 2.520000000000000000e+02
4.880000000000000000e+02 2.520000000000000000e+02
4.880000000000000000e+02 2.520000000000000000e+02
4.880000000000000000e+02 2.520000000000000000e+02
4.880000000000000000e+02 2.520000000000000000e+02
4.880000000000000000e+02 2.520000000000000000e+02
4.880000000000000000e+02 2.520000000000000000e+02
4.880000000000000000e+02 2.520000000000000000e+02
4.880000000000000000e+02 2.520000000000000000e+02
4.880000000000000000e+02 2.520000000000000000e+02
4.880000000000000000e+02 2.520000000000000000e+02
4.880000000000000000e+02 2.520000000000000000e+02
4.880000000000000000e+02 2.520000000000000000e+02
4.880000000000000000e+02 2.520000000000000000e+02
4.880000000000000000e+02 2.520000000000000000e+02
4.880000000000000000e+02 2.520000000000000000e+02
4.880000000000000000e+02 2.520000000000000000e+02
4.880000000000000000e+02 2.520000000000000000e+02
4.880000000000000000e+02 2.520000000000000000e+02
4.880000000000000000e+02 2.520000000000000000e+02
4.880000000000000000e+02 2.520000000000000000e+02
4.880000000000000000e+02 2.520000000000000000e+02
4.880000000000000000e+02 2.520000000000000000e+02
4.880000000000000000e+02 2.520000000000000000e+02
4.880000000000000000e+02 2.520000000000000000e+02
4.880000000000000000e+02 2.520000000000000000e+02
4.880000000000000000e+02 2.520000000000000000e+02
4.880000000000000000e+02 2.520000000000000000e+02
4.880000000000000000e+02 2.520000000000000000e+02
4.880000000000000000e+02 2.520000000000000000e+02
4.880000000000000000e+02 2.520000000000000000e+02
4.880000000000000000e+02 2.520000000000000000e+02
4.880000000000000000e+02 2.520000000000000000e+02
4.880000000000000000e+02 2.520000000000000000e+02
4.880000000000000000e+02 2.520000000000000000e+02
4.880000000000000000e+02 2.520000000000000000e+02
4.880000000000000000e+02 2.520000000000000000e+02
4.880000000000000000e+02 2.520000000000000000e+02
4.880000000000000000e+02 2.520000000000000000e+02
4.880000000000000000e+02 2.520000000000000000e+02
4.880000000000000000e+02 2.520000000000000000e+02
4.880000000000000000e+02 2.520000000000000000e+02
4.880000000000000000e+02 2.520000000000000000e+02
4.880000000000000000e+02 2.520000000000000000e+02
4.880000000000000000e+02 2.520000000000000000e+02
4.880000000000000000e+02 2.520000000000000000e+02
4.880000000000000000e+02 2.520000000000000000e+02
4.880000000000000000e+02 2.520000000000000000e+02
4.880000000000000000e+02 2.520000000000000000e+02
4.880000000000000000e+02 2.520000000000000000e+02
4.880000000000000000e+02 2.520000000000000000e+02
4.880000000000000000e+02 2.520000000000000000e+02
4.880000000000000000e+02 2.520000000000000000e+02
4.880000000000000000e+02 2.520000000000000000e+02
4.880000000000000000e+02 2.520000000000000000e+02
4.880000000000000000e+02 2.520000000000000000e+02
4.880000000000000000e+02 2.520000000000000000e+02
4.880000000000000000e+02 2.520000000000000000e+02
4.880000000000000000e+02 2.520000000000000000e+02
4.880000000000000000e+02 2.520000000000000000e+02
4.880000000000000000e+02 2.520000000000000000e+02
4.880000000000000000e+02 2.520000000000000000e+02
4.880000000000000000e+02 2.520000000000000000e+02
4.880000000000000000e+02 2.520000000000000000e+02
4.880000000000000000e+02 2.520000000000000000e+02
4.880000000000000000e+02 2.520000000000000000e+02
4.880000000000000000e+02 2.520000000000000000e+02
4.880000000000000000e+02 2.520000000000000000e+02
4.880000000000000000e+02 2.520000000000000000e+02
4.880000000000000000e+02 2.520000000000000000e+02
4.880000000000000000e+02 2.520000000000000000e+02
4.880000000000000000e+02 2.520000000000000000e+02
4.880000000000000000e+02 2.520000000000000000e+02
4.880000000000000000e+02 2.520000000000000000e+02
4.880000000000000000e+02 2.520000000000000000e+02
4.880000000000000000e+02 2.520000000000000000e+02
4.880000000000000000e+02 2.520000000000000000e+02
4.880000000000000000e+02 2.520000000000000000e+02
4.880000000000000000e+02 2.520000000000000000e+02
4.880000000000000000e+02 2.520000000000000000e+02
4.880000000000000000e+02 2.520000000000000000e+02
4.880000000000000000e+02 2.520000000000000000e+02
4.880000000000000000e+02 2.520000000000000000e+02
4.880000000000000000e+02 2.520000000000000000e+02
4.880000000000000000e+02 2.520000000000000000e+02
4.880000000000000000e+02 2.520000000000000000e+02
4.880000000000000000e+02 2.520000000000000000e+02
4.880000000000000000e+02 2.520000000000000000e+02
4.880000000000000000e+02 2.520000000000000000e+02
4.880000000000000000e+02 2.520000000000000000e+02
4.880000000000000000e+02 2.520000000000000000e+02
4.880000000000000000e+02 2.520000000000000000e+02
4.880000000000000000e+02 2.520000000000000000e+02
4.880000000000000000e+02 2.520000000000000000e+02
4.880000000000000000e+02 2.520000000000000000e+02
4.880000000000000000e+02 2.520000000000000000e+02
4.880000000000000000e+02 2.520000000000000000e+02
4.880000000000000000e+02 2.520000000000000000e+02
4.880000000000000000e+02 2.520000000000000000e+02
4.880000000000000000e+02 2.520000000000000000e+02
4.570000000000000000e+02 2.430000000000000000e+02
4.570000000000000000e+02 2.430000000000000000e+02
4.570000000000000000e+02 2.430000000000000000e+02
4.570000000000000000e+02 2.430000000000000000e+02
4.570000000000000000e+02 2.430000000000000000e+02
4.570000000000000000e+02 2.430000000000000000e+02
4.570000000000000000e+02 2.430000000000000000e+02
4.570000000000000000e+02 2.430000000000000000e+02
4.570000000000000000e+02 2.430000000000000000e+02
4.570000000000000000e+02 2.430000000000000000e+02
4.570000000000000000e+02 2.430000000000000000e+02
4.570000000000000000e+02 2.430000000000000000e+02
4.570000000000000000e+02 2.430000000000000000e+02
4.570000000000000000e+02 2.430000000000000000e+02
4.570000000000000000e+02 2.430000000000000000e+02
4.320000000000000000e+02 2.300000000000000000e+02
4.320000000000000000e+02 2.300000000000000000e+02
4.320000000000000000e+02 2.300000000000000000e+02
4.320000000000000000e+02 2.300000000000000000e+02
4.320000000000000000e+02 2.300000000000000000e+02
4.320000000000000000e+02 2.300000000000000000e+02
4.320000000000000000e+02 2.300000000000000000e+02
4.320000000000000000e+02 2.300000000000000000e+02
4.320000000000000000e+02 2.300000000000000000e+02
4.320000000000000000e+02 2.300000000000000000e+02
4.320000000000000000e+02 2.300000000000000000e+02
4.320000000000000000e+02 2.300000000000000000e+02
4.270000000000000000e+02 2.270000000000000000e+02
4.270000000000000000e+02 2.270000000000000000e+02
4.270000000000000000e+02 2.270000000000000000e+02
4.270000000000000000e+02 2.270000000000000000e+02
4.270000000000000000e+02 2.270000000000000000e+02
4.270000000000000000e+02 2.270000000000000000e+02
4.270000000000000000e+02 2.270000000000000000e+02
4.270000000000000000e+02 2.270000000000000000e+02
4.270000000000000000e+02 2.270000000000000000e+02
4.270000000000000000e+02 2.270000000000000000e+02
4.270000000000000000e+02 2.270000000000000000e+02
4.270000000000000000e+02 2.270000000000000000e+02
4.270000000000000000e+02 2.270000000000000000e+02
4.270000000000000000e+02 2.270000000000000000e+02
4.270000000000000000e+02 2.270000000000000000e+02
4.270000000000000000e+02 2.270000000000000000e+02
4.270000000000000000e+02 2.270000000000000000e+02
4.130000000000000000e+02 2.180000000000000000e+02
4.130000000000000000e+02 2.180000000000000000e+02
4.130000000000000000e+02 2.180000000000000000e+02
4.130000000000000000e+02 2.180000000000000000e+02
4.130000000000000000e+02 2.180000000000000000e+02
4.130000000000000000e+02 2.180000000000000000e+02
4.130000000000000000e+02 2.180000000000000000e+02
4.130000000000000000e+02 2.180000000000000000e+02
4.130000000000000000e+02 2.180000000000000000e+02
4.130000000000000000e+02 2.180000000000000000e+02
4.130000000000000000e+02 2.180000000000000000e+02
4.130000000000000000e+02 2.180000000000000000e+02
4.130000000000000000e+02 2.180000000000000000e+02
3.990000000000000000e+02 2.170000000000000000e+02
3.990000000000000000e+02 2.170000000000000000e+02
3.990000000000000000e+02 2.170000000000000000e+02
3.990000000000000000e+02 2.170000000000000000e+02
3.990000000000000000e+02 2.170000000000000000e+02
3.990000000000000000e+02 2.170000000000000000e+02
3.990000000000000000e+02 2.170000000000000000e+02
3.990000000000000000e+02 2.170000000000000000e+02
3.990000000000000000e+02 2.170000000000000000e+02
3.930000000000000000e+02 1.920000000000000000e+02
3.930000000000000000e+02 1.920000000000000000e+02
3.930000000000000000e+02 1.920000000000000000e+02
3.930000000000000000e+02 1.920000000000000000e+02
3.930000000000000000e+02 1.920000000000000000e+02
3.930000000000000000e+02 1.920000000000000000e+02
3.930000000000000000e+02 1.920000000000000000e+02
3.890000000000000000e+02 1.650000000000000000e+02
3.890000000000000000e+02 1.650000000000000000e+02
3.890000000000000000e+02 1.650000000000000000e+02
3.890000000000000000e+02 1.650000000000000000e+02
3.890000000000000000e+02 1.650000000000000000e+02
3.890000000000000000e+02 1.650000000000000000e+02
3.890000000000000000e+02 1.650000000000000000e+02
3.890000000000000000e+02 1.420000000000000000e+02
3.890000000000000000e+02 1.420000000000000000e+02
3.890000000000000000e+02 1.420000000000000000e+02
3.890000000000000000e+02 1.420000000000000000e+02
3.890000000000000000e+02 1.420000000000000000e+02
3.890000000000000000e+02 1.420000000000000000e+02
3.890000000000000000e+02 1.420000000000000000e+02
3.890000000000000000e+02 1.420000000000000000e+02
3.890000000000000000e+02 1.420000000000000000e+02
3.890000000000000000e+02 1.740000000000000000e+02
3.890000000000000000e+02 1.740000000000000000e+02
3.890000000000000000e+02 1.740000000000000000e+02
3.890000000000000000e+02 1.740000000000000000e+02
3.890000000000000000e+02 1.740000000000000000e+02
3.890000000000000000e+02 1.740000000000000000e+02
3.890000000000000000e+02 1.740000000000000000e+02
3.770000000000000000e+02 1.830000000000000000e+02
3.770000000000000000e+02 1.830000000000000000e+02
3.770000000000000000e+02 1.830000000000000000e+02
3.770000000000000000e+02 1.830000000000000000e+02
3.770000000000000000e+02 1.830000000000000000e+02
3.770000000000000000e+02 1.830000000000000000e+02
3.770000000000000000e+02 1.830000000000000000e+02
3.630000000000000000e+02 1.890000000000000000e+02
3.630000000000000000e+02 1.890000000000000000e+02
3.630000000000000000e+02 1.890000000000000000e+02
3.630000000000000000e+02 1.890000000000000000e+02
3.630000000000000000e+02 1.890000000000000000e+02
3.630000000000000000e+02 1.890000000000000000e+02
3.630000000000000000e+02 1.890000000000000000e+02
3.630000000000000000e+02 1.890000000000000000e+02
3.630000000000000000e+02 1.890000000000000000e+02
3.630000000000000000e+02 1.890000000000000000e+02
3.630000000000000000e+02 1.890000000000000000e+02
3.630000000000000000e+02 1.890000000000000000e+02
3.460000000000000000e+02 1.920000000000000000e+02
3.460000000000000000e+02 1.920000000000000000e+02
3.460000000000000000e+02 1.920000000000000000e+02
3.460000000000000000e+02 1.920000000000000000e+02
3.460000000000000000e+02 1.920000000000000000e+02
3.460000000000000000e+02 1.920000000000000000e+02
3.460000000000000000e+02 1.920000000000000000e+02
3.460000000000000000e+02 1.920000000000000000e+02
3.460000000000000000e+02 1.920000000000000000e+02
3.460000000000000000e+02 1.920000000000000000e+02
3.360000000000000000e+02 1.830000000000000000e+02
3.360000000000000000e+02 1.830000000000000000e+02
3.360000000000000000e+02 1.830000000000000000e+02
3.360000000000000000e+02 1.830000000000000000e+02
3.360000000000000000e+02 1.830000000000000000e+02
3.360000000000000000e+02 1.830000000000000000e+02
3.360000000000000000e+02 1.830000000000000000e+02
3.360000000000000000e+02 1.830000000000000000e+02
3.360000000000000000e+02 1.830000000000000000e+02
3.360000000000000000e+02 1.830000000000000000e+02
3.360000000000000000e+02 1.830000000000000000e+02
3.360000000000000000e+02 1.830000000000000000e+02
3.360000000000000000e+02 1.830000000000000000e+02
3.360000000000000000e+02 1.830000000000000000e+02
3.360000000000000000e+02 1.830000000000000000e+02
3.360000000000000000e+02 1.830000000000000000e+02
3.360000000000000000e+02 1.830000000000000000e+02
3.230000000000000000e+02 1.800000000000000000e+02
3.230000000000000000e+02 1.800000000000000000e+02
3.230000000000000000e+02 1.800000000000000000e+02
3.230000000000000000e+02 1.800000000000000000e+02
3.230000000000000000e+02 1.800000000000000000e+02
3.230000000000000000e+02 1.800000000000000000e+02
3.230000000000000000e+02 1.800000000000000000e+02
3.230000000000000000e+02 1.800000000000000000e+02
3.230000000000000000e+02 1.800000000000000000e+02
3.230000000000000000e+02 1.800000000000000000e+02
3.230000000000000000e+02 1.800000000000000000e+02
3.130000000000000000e+02 1.750000000000000000e+02
3.130000000000000000e+02 1.750000000000000000e+02
3.130000000000000000e+02 1.750000000000000000e+02
3.130000000000000000e+02 1.750000000000000000e+02
3.130000000000000000e+02 1.750000000000000000e+02
3.130000000000000000e+02 1.750000000000000000e+02
3.130000000000000000e+02 1.750000000000000000e+02
3.130000000000000000e+02 1.750000000000000000e+02
3.130000000000000000e+02 1.750000000000000000e+02
3.130000000000000000e+02 1.750000000000000000e+02
3.130000000000000000e+02 1.750000000000000000e+02
3.130000000000000000e+02 1.750000000000000000e+02
3.130000000000000000e+02 1.750000000000000000e+02
3.130000000000000000e+02 1.750000000000000000e+02
3.130000000000000000e+02 1.750000000000000000e+02
3.130000000000000000e+02 1.750000000000000000e+02
3.130000000000000000e+02 1.750000000000000000e+02
3.150000000000000000e+02 1.770000000000000000e+02
3.150000000000000000e+02 1.770000000000000000e+02
3.150000000000000000e+02 1.770000000000000000e+02
3.150000000000000000e+02 1.770000000000000000e+02
3.150000000000000000e+02 1.770000000000000000e+02
3.150000000000000000e+02 1.770000000000000000e+02
3.150000000000000000e+02 1.770000000000000000e+02
3.150000000000000000e+02 1.770000000000000000e+02
3.150000000000000000e+02 1.770000000000000000e+02
3.150000000000000000e+02 1.770000000000000000e+02
3.150000000000000000e+02 1.770000000000000000e+02
3.250000000000000000e+02 1.690000000000000000e+02
3.250000000000000000e+02 1.690000000000000000e+02
3.250000000000000000e+02 1.690000000000000000e+02
3.250000000000000000e+02 1.690000000000000000e+02
3.250000000000000000e+02 1.690000000000000000e+02
3.250000000000000000e+02 1.690000000000000000e+02
3.250000000000000000e+02 1.690000000000000000e+02
3.250000000000000000e+02 1.690000000000000000e+02
3.250000000000000000e+02 1.690000000000000000e+02
3.250000000000000000e+02 1.690000000000000000e+02
3.250000000000000000e+02 1.690000000000000000e+02
3.250000000000000000e+02 1.690000000000000000e+02
3.250000000000000000e+02 1.690000000000000000e+02
3.250000000000000000e+02 1.690000000000000000e+02
3.250000000000000000e+02 1.690000000000000000e+02
3.250000000000000000e+02 1.690000000000000000e+02
3.250000000000000000e+02 1.690000000000000000e+02
3.250000000000000000e+02 1.690000000000000000e+02
3.250000000000000000e+02 1.690000000000000000e+02
3.250000000000000000e+02 1.690000000000000000e+02
3.250000000000000000e+02 1.690000000000000000e+02
3.250000000000000000e+02 1.690000000000000000e+02
3.250000000000000000e+02 1.690000000000000000e+02
3.250000000000000000e+02 1.690000000000000000e+02
3.250000000000000000e+02 1.690000000000000000e+02
3.250000000000000000e+02 1.690000000000000000e+02
3.250000000000000000e+02 1.690000000000000000e+02
3.250000000000000000e+02 1.690000000000000000e+02
3.250000000000000000e+02 1.690000000000000000e+02
3.250000000000000000e+02 1.690000000000000000e+02
3.250000000000000000e+02 1.690000000000000000e+02
3.250000000000000000e+02 1.690000000000000000e+02
3.250000000000000000e+02 1.690000000000000000e+02
3.250000000000000000e+02 1.690000000000000000e+02
3.250000000000000000e+02 1.690000000000000000e+02
3.250000000000000000e+02 1.690000000000000000e+02
3.250000000000000000e+02 1.690000000000000000e+02
3.250000000000000000e+02 1.690000000000000000e+02
3.250000000000000000e+02 1.690000000000000000e+02
3.250000000000000000e+02 1.690000000000000000e+02
3.250000000000000000e+02 1.690000000000000000e+02
3.250000000000000000e+02 1.690000000000000000e+02
3.250000000000000000e+02 1.690000000000000000e+02
3.250000000000000000e+02 1.690000000000000000e+02
3.250000000000000000e+02 1.690000000000000000e+02
3.250000000000000000e+02 1.690000000000000000e+02
3.300000000000000000e+02 1.530000000000000000e+02
3.300000000000000000e+02 1.530000000000000000e+02
3.300000000000000000e+02 1.530000000000000000e+02
3.300000000000000000e+02 1.530000000000000000e+02
3.300000000000000000e+02 1.530000000000000000e+02
3.300000000000000000e+02 1.530000000000000000e+02
3.300000000000000000e+02 1.530000000000000000e+02
3.300000000000000000e+02 1.530000000000000000e+02
3.300000000000000000e+02 1.530000000000000000e+02
3.300000000000000000e+02 1.530000000000000000e+02
3.300000000000000000e+02 1.530000000000000000e+02
3.300000000000000000e+02 1.530000000000000000e+02
3.300000000000000000e+02 1.530000000000000000e+02
3.300000000000000000e+02 1.530000000000000000e+02
3.300000000000000000e+02 1.530000000000000000e+02
3.300000000000000000e+02 1.530000000000000000e+02
3.300000000000000000e+02 1.530000000000000000e+02
3.300000000000000000e+02 1.530000000000000000e+02
3.300000000000000000e+02 1.530000000000000000e+02
3.300000000000000000e+02 1.530000000000000000e+02
3.300000000000000000e+02 1.530000000000000000e+02
3.300000000000000000e+02 1.530000000000000000e+02
3.300000000000000000e+02 1.530000000000000000e+02
3.300000000000000000e+02 1.530000000000000000e+02
3.300000000000000000e+02 1.530000000000000000e+02
3.300000000000000000e+02 1.530000000000000000e+02
3.300000000000000000e+02 1.530000000000000000e+02
3.300000000000000000e+02 1.530000000000000000e+02
3.300000000000000000e+02 1.530000000000000000e+02
3.300000000000000000e+02 1.530000000000000000e+02
3.300000000000000000e+02 1.530000000000000000e+02
3.300000000000000000e+02 1.530000000000000000e+02
3.300000000000000000e+02 1.530000000000000000e+02
3.300000000000000000e+02 1.530000000000000000e+02
3.300000000000000000e+02 1.530000000000000000e+02
3.300000000000000000e+02 1.530000000000000000e+02
3.300000000000000000e+02 1.530000000000000000e+02
3.300000000000000000e+02 1.530000000000000000e+02
3.300000000000000000e+02 1.530000000000000000e+02
3.300000000000000000e+02 1.530000000000000000e+02
3.300000000000000000e+02 1.530000000000000000e+02
3.300000000000000000e+02 1.530000000000000000e+02
3.300000000000000000e+02 1.530000000000000000e+02
3.300000000000000000e+02 1.530000000000000000e+02
3.300000000000000000e+02 1.530000000000000000e+02
3.300000000000000000e+02 1.530000000000000000e+02
3.300000000000000000e+02 1.530000000000000000e+02
3.300000000000000000e+02 1.530000000000000000e+02
3.300000000000000000e+02 1.530000000000000000e+02
3.300000000000000000e+02 1.530000000000000000e+02
3.300000000000000000e+02 1.530000000000000000e+02
3.300000000000000000e+02 1.530000000000000000e+02
3.300000000000000000e+02 1.530000000000000000e+02
3.300000000000000000e+02 1.530000000000000000e+02
3.300000000000000000e+02 1.530000000000000000e+02
3.300000000000000000e+02 1.530000000000000000e+02
3.110000000000000000e+02 1.620000000000000000e+02
3.110000000000000000e+02 1.620000000000000000e+02
3.110000000000000000e+02 1.620000000000000000e+02
3.110000000000000000e+02 1.620000000000000000e+02
3.110000000000000000e+02 1.620000000000000000e+02
3.110000000000000000e+02 1.620000000000000000e+02
3.110000000000000000e+02 1.620000000000000000e+02
3.110000000000000000e+02 1.620000000000000000e+02
3.110000000000000000e+02 1.620000000000000000e+02
3.110000000000000000e+02 1.620000000000000000e+02
3.110000000000000000e+02 1.620000000000000000e+02
3.110000000000000000e+02 1.620000000000000000e+02
3.110000000000000000e+02 1.620000000000000000e+02
3.110000000000000000e+02 1.620000000000000000e+02
3.110000000000000000e+02 1.620000000000000000e+02
3.110000000000000000e+02 1.620000000000000000e+02
3.110000000000000000e+02 1.620000000000000000e+02
3.110000000000000000e+02 1.620000000000000000e+02
3.110000000000000000e+02 1.620000000000000000e+02
3.110000000000000000e+02 1.620000000000000000e+02
3.110000000000000000e+02 1.620000000000000000e+02
3.110000000000000000e+02 1.620000000000000000e+02
3.110000000000000000e+02 1.620000000000000000e+02
3.110000000000000000e+02 1.620000000000000000e+02
3.110000000000000000e+02 1.620000000000000000e+02
3.110000000000000000e+02 1.620000000000000000e+02
3.110000000000000000e+02 1.620000000000000000e+02
3.110000000000000000e+02 1.620000000000000000e+02
3.110000000000000000e+02 1.620000000000000000e+02
3.110000000000000000e+02 1.620000000000000000e+02
3.110000000000000000e+02 1.620000000000000000e+02
3.110000000000000000e+02 1.620000000000000000e+02
3.110000000000000000e+02 1.620000000000000000e+02
3.110000000000000000e+02 1.620000000000000000e+02
3.110000000000000000e+02 1.620000000000000000e+02
3.110000000000000000e+02 1.620000000000000000e+02
3.110000000000000000e+02 1.620000000000000000e+02
3.110000000000000000e+02 1.620000000000000000e+02
3.110000000000000000e+02 1.620000000000000000e+02
3.110000000000000000e+02 1.620000000000000000e+02
3.110000000000000000e+02 1.620000000000000000e+02
3.110000000000000000e+02 1.620000000000000000e+02
3.110000000000000000e+02 1.620000000000000000e+02
3.110000000000000000e+02 1.620000000000000000e+02
3.160000000000000000e+02 1.390000000000000000e+02
3.160000000000000000e+02 1.390000000000000000e+02
3.160000000000000000e+02 1.390000000000000000e+02
3.160000000000000000e+02 1.390000000000000000e+02
3.160000000000000000e+02 1.390000000000000000e+02
3.160000000000000000e+02 1.390000000000000000e+02
3.160000000000000000e+02 1.390000000000000000e+02
3.160000000000000000e+02 1.390000000000000000e+02
3.160000000000000000e+02 1.390000000000000000e+02
3.160000000000000000e+02 1.390000000000000000e+02
3.160000000000000000e+02 1.390000000000000000e+02
3.160000000000000000e+02 1.390000000000000000e+02
3.160000000000000000e+02 1.390000000000000000e+02
3.160000000000000000e+02 1.390000000000000000e+02
3.160000000000000000e+02 1.390000000000000000e+02
3.160000000000000000e+02 1.390000000000000000e+02
3.160000000000000000e+02 1.390000000000000000e+02
3.160000000000000000e+02 1.390000000000000000e+02
3.160000000000000000e+02 1.390000000000000000e+02
3.160000000000000000e+02 1.390000000000000000e+02
3.160000000000000000e+02 1.390000000000000000e+02
3.160000000000000000e+02 1.390000000000000000e+02
3.160000000000000000e+02 1.390000000000000000e+02
3.330000000000000000e+02 1.260000000000000000e+02
3.330000000000000000e+02 1.260000000000000000e+02
3.330000000000000000e+02 1.260000000000000000e+02
3.330000000000000000e+02 1.260000000000000000e+02
3.330000000000000000e+02 1.260000000000000000e+02
3.330000000000000000e+02 1.260000000000000000e+02
3.330000000000000000e+02 1.260000000000000000e+02
3.330000000000000000e+02 1.260000000000000000e+02
3.330000000000000000e+02 1.260000000000000000e+02
3.330000000000000000e+02 1.260000000000000000e+02
3.330000000000000000e+02 1.260000000000000000e+02
3.330000000000000000e+02 1.260000000000000000e+02
3.330000000000000000e+02 1.260000000000000000e+02
3.330000000000000000e+02 1.260000000000000000e+02
3.330000000000000000e+02 1.260000000000000000e+02
3.330000000000000000e+02 1.260000000000000000e+02
3.330000000000000000e+02 1.260000000000000000e+02
3.330000000000000000e+02 1.260000000000000000e+02
3.330000000000000000e+02 1.260000000000000000e+02
3.330000000000000000e+02 1.260000000000000000e+02
3.330000000000000000e+02 1.260000000000000000e+02
3.330000000000000000e+02 1.260000000000000000e+02
3.330000000000000000e+02 1.260000000000000000e+02
3.330000000000000000e+02 1.260000000000000000e+02
3.330000000000000000e+02 1.260000000000000000e+02
3.330000000000000000e+02 1.260000000000000000e+02
