-264.8443 -273.0723
-264.8443 -273.0723
-264.8443 -273.0723
-264.8443 -273.0723
-264.8443 -273.0723
-264.8443 -273.0723
-264.8443 -273.0723
-264.8443 -273.0723
-264.8443 -273.0723
-264.8443 -273.0723
-264.8443 -273.0723
-264.8443 -273.0723
-264.8443 -273.0723
-264.8443 -273.0723
-264.8443 -273.0723
-264.8443 -273.0723
-264.8443 -273.0723
-264.8443 -273.0723
-264.8443 -273.0723
-264.8443 -273.0723
-264.8443 -273.0723
-264.8443 -273.0723
-264.8443 -273.0723
-264.8443 -273.0723
-264.8443 -273.0723
-264.8443 -273.0723
-264.8443 -273.0723
-264.8443 -273.0723
-264.8443 -273.0723
-264.8443 -273.0723
-264.8443 -273.0723
-264.8443 -273.0723
-264.8443 -273.0723
-264.8443 -273.0723
-264.8443 -273.0723
-264.8443 -273.0723
-264.8443 -273.0723
-264.8443 -273.0723
-264.8443 -273.0723
-264.8443 -273.0723
-264.8443 -273.0723
-264.8443 -273.0723
-264.8443 -273.0723
-264.8443 -273.0723
-264.8443 -273.0723
-264.8443 -273.0723
-264.8443 -273.0723
-264.8443 -273.0723
-264.8443 -273.0723
-264.8443 -273.0723
-264.8443 -273.0723
-264.8443 -273.0723
-264.8443 -273.0723
-264.8443 -273.0723
-264.8443 -273.0723
-264.8443 -273.0723
-264.8443 -273.0723
-264.8443 -273.0723
-264.8443 -273.0723
-264.8443 -273.0723
-264.8443 -273.0723
-264.8443 -273.0723
-264.8443 -273.0723
-264.8443 -273.0723
-264.8443 -273.0723
-264.8443 -273.0723
-264.8443 -273.0723
-264.8443 -273.0723
-264.8443 -273.0723
-264.8443 -273.0723
-264.8443 -273.0723
-201.8214 -253.4847
-201.8214 -253.4847
-201.8214 -253.4847
-201.8214 -253.4847
-201.8214 -253.4847
-201.8214 -253.4847
-201.8214 -253.4847
-201.8214 -253.4847
-201.8214 -253.4847
-201.8214 -253.4847
-201.8214 -253.4847
-213.6910 -210.6925
-213.6910 -210.6925
-213.6910 -210.6925
-213.6910 -210.6925
-213.6910 -210.6925
-213.6910 -210.6925
-213.6910 -210.6925
-213.6910 -210.6925
-213.6910 -210.6925
-213.6910 -210.6925
-213.6910 -210.6925
-213.6910 -210.6925
-213.6910 -210.6925
-181.5691 -209.9302
-181.5691 -209.9302
-181.5691 -209.9302
-181.5691 -209.9302
-181.5691 -209.9302
-181.5691 -209.9302
-181.5691 -209.9302
-168.3606 -202.7793
-168.3606 -202.7793
-168.3606 -202.7793
-168.3606 -202.7793
-168.3606 -202.7793
-168.3606 -202.7793
-168.3606 -202.7793
-168.3606 -202.7793
-168.3606 -202.7793
-168.3606 -202.7793
-188.0006 -207.2252
-188.0006 -207.2252
-188.0006 -207.2252
-188.0006 -207.2252
-188.0006 -207.2252
-188.0006 -207.2252
-141.6252 -191.9019
-141.6252 -191.9019
-141.6252 -191.9019
-141.6252 -191.9019
-141.6252 -191.9019
-141.6252 -191.9019
-141.6252 -191.9019
-141.6252 -191.9019
-141.6252 -191.9019
-141.6252 -191.9019
-141.6252 -191.9019
-141.6252 -191.9019
-148.8334 -220.0382
-148.8334 -220.0382
-148.8334 -220.0382
-148.8334 -220.0382
-148.8334 -220.0382
-148.8334 -220.0382
-148.8334 -220.0382
-148.8334 -220.0382
-148.8334 -220.0382
-148.8334 -220.0382
-174.9631 -205.4655
-174.9631 -205.4655
-174.9631 -205.4655
-174.9631 -205.4655
-174.9631 -205.4655
-174.9631 -205.4655
-174.9631 -205.4655
-174.9631 -205.4655
-174.9631 -205.4655
-174.9631 -205.4655
-256.9088 -192.2625
-256.9088 -192.2625
-256.9088 -192.2625
-256.9088 -192.2625
-256.9088 -192.2625
-256.9088 -192.2625
-256.9088 -192.2625
-256.9088 -192.2625
-256.9088 -192.2625
-256.9088 -192.2625
-256.9088 -192.2625
-256.9088 -192.2625
-256.9088 -192.2625
-256.9088 -192.2625
-256.9088 -192.2625
-256.9088 -192.2625
-256.9088 -192.2625
-256.9088 -192.2625
-256.9088 -192.2625
-274.4494 -162.1761
-274.4494 -162.1761
-274.4494 -162.1761
-274.4494 -162.1761
-274.4494 -162.1761
-274.4494 -162.1761
-274.4494 -162.1761
-274.4494 -162.1761
-274.4494 -162.1761
-274.4494 -162.1761
-274.4494 -162.1761
-297.7269 -136.9994
-297.7269 -136.9994
-297.7269 -136.9994
-297.7269 -136.9994
-297.7269 -136.9994
-297.7269 -136.9994
-297.7269 -136.9994
-297.7269 -136.9994
-297.7269 -136.9994
-297.7269 -136.9994
-297.7269 -136.9994
-297.7269 -136.9994
-297.7269 -136.9994
-278.9717 -98.0382
-278.9717 -98.0382
-278.9717 -98.0382
-278.9717 -98.0382
-278.9717 -98.0382
-278.9717 -98.0382
-278.9717 -98.0382
-284.3291 -71.8812
-284.3291 -71.8812
-284.3291 -71.8812
-284.3291 -71.8812
-284.3291 -71.8812
-284.3291 -71.8812
-284.3291 -71.8812
-271.3718 -28.5731
-271.3718 -28.5731
-271.3718 -28.5731
-271.3718 -28.5731
-271.3718 -28.5731
-271.3718 -28.5731
-271.3718 -28.5731
-271.3718 -28.5731
-271.3718 -28.5731
-271.3718 -28.5731
-209.9376 -31.3221
-209.9376 -31.3221
-209.9376 -31.3221
-209.9376 -31.3221
-209.9376 -31.3221
-209.9376 -31.3221
-209.9376 -31.3221
-209.9376 -31.3221
-209.9376 -31.3221
-209.9376 -31.3221
-209.9376 -31.3221
-209.9376 -31.3221
-209.9376 -31.3221
-209.9376 -31.3221
-209.9376 -31.3221
-190.3447 -4.5519
-190.3447 -4.5519
-190.3447 -4.5519
-190.3447 -4.5519
-190.3447 -4.5519
-190.3447 -4.5519
-190.3447 -4.5519
-190.3447 -4.5519
-202.1446 39.8835
-202.1446 39.8835
-202.1446 39.8835
-202.1446 39.8835
-202.1446 39.8835
-202.1446 39.8835
-202.1446 39.8835
-202.1446 39.8835
-202.1446 39.8835
-202.1446 39.8835
-202.1446 39.8835
-202.1446 39.8835
-202.1446 39.8835
-202.1446 39.8835
-202.1446 39.8835
-55.6583 1.9943
-55.6583 1.9943
-55.6583 1.9943
-55.6583 1.9943
-55.6583 1.9943
-55.6583 1.9943
-55.6583 1.9943
333.3505 -106.9674
333.3505 -106.9674
333.3505 -106.9674
333.3505 -106.9674
333.3505 -106.9674
596.7852 -175.6270
596.7852 -175.6270
596.7852 -175.6270
596.7852 -175.6270
596.7852 -175.6270
596.7852 -175.6270
596.7852 -175.6270
596.7852 -175.6270
596.7852 -175.6270
734.4823 -198.8604
734.4823 -198.8604
734.4823 -198.8604
734.4823 -198.8604
734.4823 -198.8604
734.4823 -198.8604
734.4823 -198.8604
563.8373 -128.7141
563.8373 -128.7141
563.8373 -128.7141
563.8373 -128.7141
563.8373 -128.7141
563.8373 -128.7141
563.8373 -128.7141
563.8373 -128.7141
563.8373 -128.7141
563.8373 -128.7141
449.3465 -76.9401
449.3465 -76.9401
449.3465 -76.9401
449.3465 -76.9401
449.3465 -76.9401
449.3465 -76.9401
449.3465 -76.9401
449.3465 -76.9401
449.3465 -76.9401
449.3465 -76.9401
126.1282 35.2682
126.1282 35.2682
126.1282 35.2682
126.1282 35.2682
126.1282 35.2682
126.1282 35.2682
126.1282 35.2682
126.1282 35.2682
126.1282 35.2682
126.1282 35.2682
126.1282 35.2682
126.1282 35.2682
-116.2923 93.7080
-116.2923 93.7080
-116.2923 93.7080
-116.2923 93.7080
-116.2923 93.7080
-116.2923 93.7080
-116.2923 93.7080
-175.4176 100.2736
-175.4176 100.2736
-175.4176 100.2736
-175.4176 100.2736
-175.4176 100.2736
-175.4176 100.2736
-175.4176 100.2736
-175.4176 100.2736
-175.4176 100.2736
-175.4176 100.2736
-175.4176 100.2736
-175.4176 100.2736
-175.4176 100.2736
-175.4176 100.2736
-175.4176 100.2736
-175.4176 100.2736
-175.4176 100.2736
-175.4176 100.2736
-175.4176 100.2736
-175.4176 100.2736
-175.4176 100.2736
-175.4176 100.2736
-175.4176 100.2736
-175.4176 100.2736
-175.4176 100.2736
-175.4176 100.2736
-175.4176 100.2736
