146.7083 -409.5384
146.7083 -409.5384
146.7083 -409.5384
146.7083 -409.5384
146.7083 -409.5384
146.7083 -409.5384
146.7083 -409.5384
146.7083 -409.5384
146.7083 -409.5384
146.7083 -409.5384
146.7083 -409.5384
146.7083 -409.5384
146.7083 -409.5384
146.7083 -409.5384
146.7083 -409.5384
146.7083 -409.5384
146.7083 -409.5384
146.7083 -409.5384
146.7083 -409.5384
146.7083 -409.5384
146.7083 -409.5384
146.7083 -409.5384
146.7083 -409.5384
146.7083 -409.5384
146.7083 -409.5384
146.7083 -409.5384
146.7083 -409.5384
146.7083 -409.5384
146.7083 -409.5384
146.7083 -409.5384
146.7083 -409.5384
146.7083 -409.5384
146.7083 -409.5384
146.7083 -409.5384
146.7083 -409.5384
146.7083 -409.5384
146.7083 -409.5384
146.7083 -409.5384
146.7083 -409.5384
146.7083 -409.5384
146.7083 -409.5384
146.7083 -409.5384
146.7083 -409.5384
146.7083 -409.5384
146.7083 -409.5384
146.7083 -409.5384
146.7083 -409.5384
146.7083 -409.5384
146.7083 -409.5384
146.7083 -409.5384
146.7083 -409.5384
146.7083 -409.5384
146.7083 -409.5384
146.7083 -409.5384
146.7083 -409.5384
146.7083 -409.5384
146.7083 -409.5384
146.7083 -409.5384
146.7083 -409.5384
146.7083 -409.5384
146.7083 -409.5384
146.7083 -409.5384
146.7083 -409.5384
146.7083 -409.5384
146.7083 -409.5384
146.7083 -409.5384
146.7083 -409.5384
146.7083 -409.5384
146.7083 -409.5384
146.7083 -409.5384
146.7083 -409.5384
172.0884 -385.5491
172.0884 -385.5491
172.0884 -385.5491
172.0884 -385.5491
172.0884 -385.5491
172.0884 -385.5491
172.0884 -385.5491
147.5314 -313.5891
147.5314 -313.5891
147.5314 -313.5891
147.5314 -313.5891
147.5314 -313.5891
147.5314 -313.5891
147.5314 -313.5891
147.5314 -313.5891
147.5314 -313.5891
147.5314 -313.5891
147.5314 -313.5891
147.5314 -313.5891
147.5314 -313.5891
147.5314 -313.5891
147.5314 -313.5891
147.5314 -313.5891
147.5314 -313.5891
91.2492 -248.6637
91.2492 -248.6637
91.2492 -248.6637
91.2492 -248.6637
91.2492 -248.6637
91.2492 -248.6637
91.2492 -248.6637
91.2492 -248.6637
91.2492 -248.6637
91.2492 -248.6637
148.3145 -222.3053
148.3145 -222.3053
148.3145 -222.3053
148.3145 -222.3053
148.3145 -222.3053
148.3145 -222.3053
148.3145 -222.3053
148.3145 -222.3053
148.3145 -222.3053
148.3145 -222.3053
148.3145 -222.3053
148.3145 -222.3053
148.3145 -222.3053
108.0334 -171.2382
108.0334 -171.2382
108.0334 -171.2382
108.0334 -171.2382
108.0334 -171.2382
108.0334 -171.2382
108.0334 -171.2382
108.0334 -171.2382
108.0334 -171.2382
108.0334 -171.2382
108.0334 -171.2382
108.0334 -171.2382
76.7220 -130.3504
76.7220 -130.3504
76.7220 -130.3504
76.7220 -130.3504
76.7220 -130.3504
76.7220 -130.3504
76.7220 -130.3504
76.7220 -130.3504
76.7220 -130.3504
76.7220 -130.3504
76.7220 -130.3504
53.9238 -85.3246
53.9238 -85.3246
53.9238 -85.3246
53.9238 -85.3246
53.9238 -85.3246
53.9238 -85.3246
53.9238 -85.3246
53.9238 -85.3246
53.9238 -85.3246
53.9238 -85.3246
38.7882 -70.5425
38.7882 -70.5425
38.7882 -70.5425
38.7882 -70.5425
38.7882 -70.5425
38.7882 -70.5425
38.7882 -70.5425
38.7882 -70.5425
38.7882 -70.5425
38.7882 -70.5425
38.7882 -70.5425
38.7882 -70.5425
38.7882 -70.5425
38.7882 -70.5425
38.7882 -70.5425
38.7882 -70.5425
38.7882 -70.5425
16.5584 -38.2161
16.5584 -38.2161
16.5584 -38.2161
16.5584 -38.2161
16.5584 -38.2161
16.5584 -38.2161
16.5584 -38.2161
16.5584 -38.2161
16.5584 -38.2161
16.5584 -38.2161
16.5584 -38.2161
16.5584 -38.2161
16.5584 -38.2161
16.5584 -38.2161
16.5584 -38.2161
16.5584 -38.2161
16.5584 -38.2161
16.5584 -38.2161
16.5584 -38.2161
16.5584 -38.2161
16.5584 -38.2161
16.5584 -38.2161
16.5584 -38.2161
16.5584 -38.2161
16.5584 -38.2161
16.5584 -38.2161
16.5584 -38.2161
16.5584 -38.2161
16.5584 -38.2161
16.5584 -38.2161
16.5584 -38.2161
16.5584 -38.2161
16.5584 -38.2161
16.5584 -38.2161
16.5584 -38.2161
16.5584 -38.2161
16.5584 -38.2161
16.5584 -38.2161
16.5584 -38.2161
16.5584 -38.2161
16.5584 -38.2161
16.5584 -38.2161
16.5584 -38.2161
16.5584 -38.2161
16.5584 -38.2161
16.5584 -38.2161
16.5584 -38.2161
16.5584 -38.2161
16.5584 -38.2161
16.5584 -38.2161
16.5584 -38.2161
16.5584 -38.2161
16.5584 -38.2161
16.5584 -38.2161
16.5584 -38.2161
16.5584 -38.2161
16.5584 -38.2161
16.5584 -38.2161
16.5584 -38.2161
16.5584 -38.2161
16.5584 -38.2161
16.5584 -38.2161
16.5584 -38.2161
16.5584 -38.2161
16.5584 -38.2161
16.5584 -38.2161
16.5584 -38.2161
16.5584 -38.2161
16.5584 -38.2161
16.5584 -38.2161
16.5584 -38.2161
16.5584 -38.2161
16.5584 -38.2161
16.5584 -38.2161
16.5584 -38.2161
16.5584 -38.2161
16.5584 -38.2161
16.5584 -38.2161
16.5584 -38.2161
16.5584 -38.2161
16.5584 -38.2161
16.5584 -38.2161
16.5584 -38.2161
16.5584 -38.2161
16.5584 -38.2161
16.5584 -38.2161
16.5584 -38.2161
16.5584 -38.2161
16.5584 -38.2161
16.5584 -38.2161
16.5584 -38.2161
16.5584 -38.2161
16.5584 -38.2161
16.5584 -38.2161
16.5584 -38.2161
16.5584 -38.2161
16.5584 -38.2161
16.5584 -38.2161
16.5584 -38.2161
16.5584 -38.2161
16.5584 -38.2161
16.5584 -38.2161
16.5584 -38.2161
16.5584 -38.2161
16.5584 -38.2161
16.5584 -38.2161
16.5584 -38.2161
16.5584 -38.2161
16.5584 -38.2161
16.5584 -38.2161
16.5584 -38.2161
16.5584 -38.2161
16.5584 -38.2161
16.5584 -38.2161
16.5584 -38.2161
16.5584 -38.2161
16.5584 -38.2161
16.5584 -38.2161
16.5584 -38.2161
16.5584 -38.2161
16.5584 -38.2161
16.5584 -38.2161
16.5584 -38.2161
16.5584 -38.2161
16.5584 -38.2161
16.5584 -38.2161
16.5584 -38.2161
16.5584 -38.2161
16.5584 -38.2161
16.5584 -38.2161
16.5584 -38.2161
16.5584 -38.2161
16.5584 -38.2161
16.5584 -38.2161
16.5584 -38.2161
16.5584 -38.2161
16.5584 -38.2161
16.5584 -38.2161
16.5584 -38.2161
16.5584 -38.2161
16.5584 -38.2161
16.5584 -38.2161
16.5584 -38.2161
16.5584 -38.2161
16.5584 -38.2161
16.5584 -38.2161
16.5584 -38.2161
16.5584 -38.2161
16.5584 -38.2161
16.5584 -38.2161
16.5584 -38.2161
16.5584 -38.2161
16.5584 -38.2161
16.5584 -38.2161
16.5584 -38.2161
16.5584 -38.2161
16.5584 -38.2161
16.5584 -38.2161
16.5584 -38.2161
16.5584 -38.2161
16.5584 -38.2161
16.5584 -38.2161
16.5584 -38.2161
16.5584 -38.2161
16.5584 -38.2161
16.5584 -38.2161
16.5584 -38.2161
16.5584 -38.2161
16.5584 -38.2161
16.5584 -38.2161
16.5584 -38.2161
16.5584 -38.2161
16.5584 -38.2161
16.5584 -38.2161
16.5584 -38.2161
16.5584 -38.2161
16.5584 -38.2161
16.5584 -38.2161
16.5584 -38.2161
16.5584 -38.2161
16.5584 -38.2161
