1.978548310836840246e+05 -1.449214918869406023e-08 1.000000000000000000e+00
6.878076949189455263e+03 -1.333590806998275742e-09 1.000000000000000000e+00
-1.897170008695894694e+02 -1.111387297762312370e-10 1.000000000000000000e+00
-6.434859724306121643e+04 1.968967775655341067e-09 1.000000000000000000e+00
6.332042323258253418e+03 -1.839083903736157717e-09 1.000000000000000000e+00
-3.194115642471504088e+03 -6.678224788809545867e-11 1.000000000000000000e+00
-2.364450917466193459e+03 5.313082028640764167e-10 1.000000000000000000e+00
9.110444250275091690e+03 -8.015206899721348823e-10 1.000000000000000000e+00
-1.333801043103192114e+02 -1.869193118501494687e-11 1.000000000000000000e+00
-3.369110139104926930e+04 1.763199103057331585e-08 1.000000000000000000e+00
1.048805102682933284e+04 -1.732368734319033213e-09 1.000000000000000000e+00
-1.068404726190408667e+02 3.339840385440124401e-11 1.000000000000000000e+00
-1.282831500021033207e+04 -9.790443153460245938e-10 1.000000000000000000e+00
1.423619463202185034e+04 2.753745677776342178e-09 1.000000000000000000e+00
-5.684751263477147631e+01 -3.817137947123167347e-10 1.000000000000000000e+00
-1.110570189373998073e+04 1.356332276986482214e-09 1.000000000000000000e+00
1.842723568892076219e+04 2.713634027974803189e-09 1.000000000000000000e+00
-4.582419329299708011e+01 -3.859143023870415991e-11 1.000000000000000000e+00
-8.198202524300244477e+03 -1.663045360471647394e-09 1.000000000000000000e+00
2.548760603723091845e+04 1.986037760204627370e-09 1.000000000000000000e+00
2.375977283365236836e+00 2.889628381527380146e-11 1.000000000000000000e+00
-9.733718776070336389e+03 2.704549111579457227e-09 1.000000000000000000e+00
3.955617902874380525e+04 3.633737224350077421e-09 1.000000000000000000e+00
-4.000227849919076561e+01 -6.250384016458796266e-11 1.000000000000000000e+00
-5.807567136185984054e+03 -4.868405799084595869e-10 1.000000000000000000e+00
-4.073984049138401315e+04 9.719066250358292936e-09 1.000000000000000000e+00
5.772479358777462721e+01 -1.075806451625838931e-11 1.000000000000000000e+00
-4.822282038637397818e+03 7.988260122498786688e-10 1.000000000000000000e+00
-1.948311519452242646e+04 -6.909869849662503070e-09 1.000000000000000000e+00
1.122141689454182938e+02 1.178432714656218651e-10 1.000000000000000000e+00
-5.453335536694737129e+03 3.876720951634794574e-11 1.000000000000000000e+00
-1.097800428683526115e+04 -4.402549018456976085e-09 1.000000000000000000e+00
1.674841138752259724e+02 -1.840924674482812952e-10 1.000000000000000000e+00
-3.374115737348148286e+03 7.066579532371445327e-11 1.000000000000000000e+00
-7.234900957773496884e+03 -1.936343744402167609e-09 1.000000000000000000e+00
2.112739513682885217e+02 1.695691325653946268e-11 1.000000000000000000e+00
-2.834599617613187547e+03 -5.086868537070408899e-10 1.000000000000000000e+00
-4.510173021991757196e+03 -1.550945696735802800e-10 1.000000000000000000e+00
2.793580835164823952e+02 -1.134652989486479593e-10 1.000000000000000000e+00
-2.635241252930626615e+03 1.736254645757888301e-09 1.000000000000000000e+00
-3.941740181402734379e+03 -9.765096638357999791e-10 1.000000000000000000e+00
2.836060385912972492e+02 2.568051429268614760e-10 1.000000000000000000e+00
-1.881124902226524227e+03 4.838846618552824287e-10 1.000000000000000000e+00
-3.501471733203482927e+03 -2.201740967537879813e-09 1.000000000000000000e+00
3.203231703840958744e+02 2.250171509327224851e-10 1.000000000000000000e+00
-1.540006983451173710e+03 2.164507033252583624e-10 1.000000000000000000e+00
